  336  608  458  644  516  519  412
  337  602  460  648  517  520  409
  338  603  455  645  511  521  406
  339  604  457  649  512  522  410
  340  605  459  646  513  523  407
  341  606  461  650  514  524  411
  342  607  456  647  515  518  408
  343  615  451  651  509  526  419
  344  609  453  655  510  527  416
  345  610  448  652  504  528  413
  346  611  450  656  505  529  417
  347  612  452  653  506  530  414
  348  613  454  657  507  531  418
  349  614  449  654  508  525  415
  350  601  465  658  523  505  405
  351  595  467  662  524  506  402
  352  596  462  659  518  507  399
  353  597  464  663  519  508  403
  354  598  466  660  520  509  400
  355  599  468  664  521  510  404
  356  600  463  661  522  504  401
  357  594  472  665  530  512  398
  358  588  474  669  531  513  395
  359  589  469  666  525  514  392
  360  590  471  670  526  515  396
  361  591  473  667  527  516  393
  362  592  475  671  528  517  397
  363  593  470  668  529  511  394
  364  636  486  588  544  547  356
  365  630  488  592  545  548  353
  366  631  483  589  539  549  350
  367  632  485  593  540  550  354
  368  633  487  590  541  551  351
  369  634  489  594  542  552  355
  370  635  484  591  543  546  352
  371  643  479  595  537  554  363
  372  637  481  599  538  555  360
  373  638  476  596  532  556  357
  374  639  478  600  533  557  361
  375  640  480  597  534  558  358
  376  641  482  601  535  559  362
  377  642  477  598  536  553  359
  378  629  493  602  551  533  349
  379  623  495  606  552  534  346
  380  624  490  603  546  535  343
  381  625  492  607  547  536  347
  382  626  494  604  548  537  344
  383  627  496  608  549  538  348
  384  628  491  605  550  532  345
  385  622  500  609  558  540  342
  386  616  502  613  559  541  339
  387  617  497  610  553  542  336
  388  618  499  614  554  543  340
  389  619  501  611  555  544  337
  390  620  503  615  556  545  341
  391  621  498  612  557  539  338
  392  664  430  616  572  575  384
  393  658  432  620  573  576  381
  394  659  427  617  567  577  378
  395  660  429  621  568  578  382
  396  661  431  618  569  579  379
  397  662  433  622  570  580  383
  398  663  428  619  571  574  380
  399  671  423  623  565  582  391
  400  665  425  627  566  583  388
  401  666  420  624  560  584  385
  402  667  422  628  561  585  389
  403  668  424  625  562  586  386
  404  669  426  629  563  587  390
  405  670  421  626  564  581  387
  406  657  437  630  579  561  377
  407  651  439  634  580  562  374
  408  652  434  631  574  563  371
  409  653  436  635  575  564  375
  410  654  438  632  576  565  372
  411  655  440  636  577  566  376
  412  656  435  633  578  560  373
  413  650  444  637  586  568  370
  414  644  446  641  587  569  367
  415  645  441  638  581  570  364
  416  646  443  642  582  571  368
  417  647  445  639  583  572  365
  418  648  447  643  584  573  369
  419  649  442  640  585  567  366
  420  517  367  574  614  596  496
  421  511  369  578  615  597  493
  422  512  364  575  609  598  490
  423  513  366  579  610  599  494
  424  514  368  576  611  600  491
  425  515  370  580  612  601  495
  426  516  365  577  613  595  492
  427  510  374  581  607  589  503
  428  504  376  585  608  590  500
  429  505  371  582  602  591  497
  430  506  373  586  603  592  501
  431  507  375  583  604  593  498
  432  508  377  587  605  594  502
  433  509  372  584  606  588  499
  434  531  388  567  600  603  489
  435  525  390  571  601  604  486
  436  526  385  568  595  605  483
  437  527  387  572  596  606  487
  438  528  389  569  597  607  484
  439  529  391  573  598  608  488
  440  530  386  570  599  602  485
  441  524  381  560  593  610  482
  442  518  383  564  594  611  479
  443  519  378  561  588  612  476
  444  520  380  565  589  613  480
  445  521  382  562  590  614  477
  446  522  384  566  591  615  481
  447  523  379  563  592  609  478
  448  545  395  518  642  624  440
  449  539  397  522  643  625  437
  450  540  392  519  637  626  434
  451  541  394  523  638  627  438
  452  542  396  520  639  628  435
  453  543  398  524  640  629  439
  454  544  393  521  641  623  436
  455  538  402  525  635  617  447
  456  532  404  529  636  618  444
  457  533  399  526  630  619  441
  458  534  401  530  631  620  445
  459  535  403  527  632  621  442
  460  536  405  531  633  622  446
  461  537  400  528  634  616  443
  462  559  416  511  628  631  433
  463  553  418  515  629  632  430
  464  554  413  512  623  633  427
  465  555  415  516  624  634  431
  466  556  417  513  625  635  428
  467  557  419  517  626  636  432
  468  558  414  514  627  630  429
  469  552  409  504  621  638  426
  470  546  411  508  622  639  423
  471  547  406  505  616  640  420
  472  548  408  509  617  641  424
  473  549  410  506  618  642  421
  474  550  412  510  619  643  425
  475  551  407  507  620  637  422
  476  573  339  546  670  652  468
  477  567  341  550  671  653  465
  478  568  336  547  665  654  462
  479  569  338  551  666  655  466
  480  570  340  548  667  656  463
  481  571  342  552  668  657  467
  482  572  337  549  669  651  464
  483  566  346  553  663  645  475
  484  560  348  557  664  646  472
  485  561  343  554  658  647  469
  486  562  345  558  659  648  473
  487  563  347  555  660  649  470
  488  564  349  559  661  650  474
  489  565  344  556  662  644  471
  490  587  360  539  656  659  461
  491  581  362  543  657  660  458
  492  582  357  540  651  661  455
  493  583  359  544  652  662  459
  494  584  361  541  653  663  456
  495  585  363  545  654  664  460
  496  586  358  542  655  658  457
  497  580  353  532  649  666  454
  498  574  355  536  650  667  451
  499  575  350  533  644  668  448
  500  576  352  537  645  669  452
  501  577  354  534  646  670  449
  502  578  356  538  647  671  453
  503  579  351  535  648  665  450
  504  447  626  483  341  358  580
  505  441  628  487  342  359  577
  506  442  623  484  336  360  574
  507  443  625  488  337  361  578
  508  444  627  485  338  362  575
  509  445  629  489  339  363  579
  510  446  624  486  340  357  576
  511  440  619  476  348  351  587
  512  434  621  480  349  352  584
  513  435  616  477  343  353  581
  514  436  618  481  344  354  585
  515  437  620  478  345  355  582
  516  438  622  482  346  356  586
  517  439  617  479  347  350  583
  518  426  633  497  362  344  573
  519  420  635  501  363  345  570
  520  421  630  498  357  346  567
  521  422  632  502  358  347  571
  522  423  634  499  359  348  568
  523  424  636  503  360  349  572
  524  425  631  500  361  343  569
  525  433  640  490  355  337  566
  526  427  642  494  356  338  563
  527  428  637  491  350  339  560
  528  429  639  495  351  340  564
  529  430  641  492  352  341  561
  530  431  643  496  353  342  565
  531  432  638  493  354  336  562
  532  475  654  427  369  386  524
  533  469  656  431  370  387  521
  534  470  651  428  364  388  518
  535  471  653  432  365  389  522
  536  472  655  429  366  390  519
  537  473  657  433  367  391  523
  538  474  652  430  368  385  520
  539  468  647  420  376  379  531
  540  462  649  424  377  380  528
  541  463  644  421  371  381  525
  542  464  646  425  372  382  529
  543  465  648  422  373  383  526
  544  466  650  426  374  384  530
  545  467  645  423  375  378  527
  546  454  661  441  390  372  517
  547  448  663  445  391  373  514
  548  449  658  442  385  374  511
  549  450  660  446  386  375  515
  550  451  662  443  387  376  512
  551  452  664  447  388  377  516
  552  453  659  444  389  371  513
  553  461  668  434  383  365  510
  554  455  670  438  384  366  507
  555  456  665  435  378  367  504
  556  457  667  439  379  368  508
  557  458  669  436  380  369  505
  558  459  671  440  381  370  509
  559  460  666  437  382  364  506
  560  503  598  455  397  414  552
  561  497  600  459  398  415  549
  562  498  595  456  392  416  546
  563  499  597  460  393  417  550
  564  500  599  457  394  418  547
  565  501  601  461  395  419  551
  566  502  596  458  396  413  548
  567  496  591  448  404  407  559
  568  490  593  452  405  408  556
  569  491  588  449  399  409  553
  570  492  590  453  400  410  557
  571  493  592  450  401  411  554
  572  494  594  454  402  412  558
  573  495  589  451  403  406  555
  574  482  605  469  418  400  545
  575  476  607  473  419  401  542
  576  477  602  470  413  402  539
  577  478  604  474  414  403  543
  578  479  606  471  415  404  540
  579  480  608  475  416  405  544
  580  481  603  472  417  399  541
  581  489  612  462  411  393  538
  582  483  614  466  412  394  535
  583  484  609  463  406  395  532
  584  485  611  467  407  396  536
  585  486  613  464  408  397  533
  586  487  615  468  409  398  537
  587  488  610  465  410  392  534
  588  342  535  413  439  421  664
  589  336  537  417  440  422  661
  590  337  532  414  434  423  658
  591  338  534  418  435  424  662
  592  339  536  415  436  425  659
  593  340  538  419  437  426  663
  594  341  533  416  438  420  660
  595  349  542  406  446  428  671
  596  343  544  410  447  429  668
  597  344  539  407  441  430  665
  598  345  541  411  442  431  669
  599  346  543  408  443  432  666
  600  347  545  412  444  433  670
  601  348  540  409  445  427  667
  602  356  556  392  425  442  657
  603  350  558  396  426  443  654
  604  351  553  393  420  444  651
  605  352  555  397  421  445  655
  606  353  557  394  422  446  652
  607  354  559  398  423  447  656
  608  355  554  395  424  441  653
  609  363  549  399  432  435  650
  610  357  551  403  433  436  647
  611  358  546  400  427  437  644
  612  359  548  404  428  438  648
  613  360  550  401  429  439  645
  614  361  552  405  430  440  649
  615  362  547  402  431  434  646
  616  370  563  357  467  449  608
  617  364  565  361  468  450  605
  618  365  560  358  462  451  602
  619  366  562  362  463  452  606
  620  367  564  359  464  453  603
  621  368  566  363  465  454  607
  622  369  561  360  466  448  604
  623  377  570  350  474  456  615
  624  371  572  354  475  457  612
  625  372  567  351  469  458  609
  626  373  569  355  470  459  613
  627  374  571  352  471  460  610
  628  375  573  356  472  461  614
  629  376  568  353  473  455  611
  630  384  584  336  453  470  601
  631  378  586  340  454  471  598
  632  379  581  337  448  472  595
  633  380  583  341  449  473  599
  634  381  585  338  450  474  596
  635  382  587  342  451  475  600
  636  383  582  339  452  469  597
  637  391  577  343  460  463  594
  638  385  579  347  461  464  591
  639  386  574  344  455  465  588
  640  387  576  348  456  466  592
  641  388  578  345  457  467  589
  642  389  580  349  458  468  593
  643  390  575  346  459  462  590
  644  398  507  385  495  477  636
  645  392  509  389  496  478  633
  646  393  504  386  490  479  630
  647  394  506  390  491  480  634
  648  395  508  387  492  481  631
  649  396  510  391  493  482  635
  650  397  505  388  494  476  632
  651  405  514  378  502  484  643
  652  399  516  382  503  485  640
  653  400  511  379  497  486  637
  654  401  513  383  498  487  641
  655  402  515  380  499  488  638
  656  403  517  384  500  489  642
  657  404  512  381  501  483  639
  658  412  528  364  481  498  629
  659  406  530  368  482  499  626
  660  407  525  365  476  500  623
  661  408  527  369  477  501  627
  662  409  529  366  478  502  624
  663  410  531  370  479  503  628
  664  411  526  367  480  497  625
  665  419  521  371  488  491  622
  666  413  523  375  489  492  619
  667  414  518  372  483  493  616
  668  415  520  376  484  494  620
  669  416  522  373  485  495  617
  670  417  524  377  486  496  621
  671  418  519  374  487  490  618
    0  253  142  294  170  195   51
    1  254  146  296  171  189   53
    2  255  143  298  172  190   55
    3  256  140  300  173  191   50
    4  257  144  295  174  192   52
    5  258  141  297  168  193   54
    6  252  145  299  169  194   49
    7  260  149  301  177  188   44
    8  261  153  303  178  182   46
    9  262  150  305  179  183   48
   10  263  147  307  180  184   43
   11  264  151  302  181  185   45
   12  265  148  304  175  186   47
   13  259  152  306  176  187   42
   14  267  163  287  191  181   30
   15  268  167  289  192  175   32
   16  269  164  291  193  176   34
   17  270  161  293  194  177   29
   18  271  165  288  195  178   31
   19  272  162  290  189  179   33
   20  266  166  292  190  180   28
   21  274  156  280  184  174   37
   22  275  160  282  185  168   39
   23  276  157  284  186  169   41
   24  277  154  286  187  170   36
   25  278  158  281  188  171   38
   26  279  155  283  182  172   40
   27  273  159  285  183  173   35
   28  281   86  322  198  223   79
   29  282   90  324  199  217   81
   30  283   87  326  200  218   83
   31  284   84  328  201  219   78
   32  285   88  323  202  220   80
   33  286   85  325  196  221   82
   34  280   89  327  197  222   77
   35  288   93  329  205  216   72
   36  289   97  331  206  210   74
   37  290   94  333  207  211   76
   38  291   91  335  208  212   71
   39  292   95  330  209  213   73
   40  293   92  332  203  214   75
   41  287   96  334  204  215   70
   42  295  107  315  219  209   58
   43  296  111  317  220  203   60
   44  297  108  319  221  204   62
   45  298  105  321  222  205   57
   46  299  109  316  223  206   59
   47  300  106  318  217  207   61
   48  294  110  320  218  208   56
   49  302  100  308  212  202   65
   50  303  104  310  213  196   67
   51  304  101  312  214  197   69
   52  305   98  314  215  198   64
   53  306  102  309  216  199   66
   54  307   99  311  210  200   68
   55  301  103  313  211  201   63
   56  309  114  266  226  251   23
   57  310  118  268  227  245   25
   58  311  115  270  228  246   27
   59  312  112  272  229  247   22
   60  313  116  267  230  248   24
   61  314  113  269  224  249   26
   62  308  117  271  225  250   21
   63  316  121  273  233  244   16
   64  317  125  275  234  238   18
   65  318  122  277  235  239   20
   66  319  119  279  236  240   15
   67  320  123  274  237  241   17
   68  321  120  276  231  242   19
   69  315  124  278  232  243   14
   70  323  135  259  247  237    2
   71  324  139  261  248  231    4
   72  325  136  263  249  232    6
   73  326  133  265  250  233    1
   74  327  137  260  251  234    3
   75  328  134  262  245  235    5
   76  322  138  264  246  236    0
   77  330  128  252  240  230    9
   78  331  132  254  241  224   11
   79  332  129  256  242  225   13
   80  333  126  258  243  226    8
   81  334  130  253  244  227   10
   82  335  127  255  238  228   12
   83  329  131  257  239  229    7
   84  183   65  203  268  258  135
   85  184   69  205  269  252  137
   86  185   66  207  270  253  139
   87  186   63  209  271  254  134
   88  187   67  204  272  255  136
   89  188   64  206  266  256  138
   90  182   68  208  267  257  133
   91  190   58  196  275  265  128
   92  191   62  198  276  259  130
   93  192   59  200  277  260  132
   94  193   56  202  278  261  127
   95  194   60  197  279  262  129
   96  195   57  199  273  263  131
   97  189   61  201  274  264  126
   98  176   72  217  254  279  114
   99  177   76  219  255  273  116
  100  178   73  221  256  274  118
  101  179   70  223  257  275  113
  102  180   74  218  258  276  115
  103  181   71  220  252  277  117
  104  175   75  222  253  278  112
  105  169   79  210  261  272  121
  106  170   83  212  262  266  123
  107  171   80  214  263  267  125
  108  172   77  216  264  268  120
  109  173   81  211  265  269  122
  110  174   78  213  259  270  124
  111  168   82  215  260  271  119
  112  211    9  231  296  286  163
  113  212   13  233  297  280  165
  114  213   10  235  298  281  167
  115  214    7  237  299  282  162
  116  215   11  232  300  283  164
  117  216    8  234  294  284  166
  118  210   12  236  295  285  161
  119  218    2  224  303  293  156
  120  219    6  226  304  287  158
  121  220    3  228  305  288  160
  122  221    0  230  306  289  155
  123  222    4  225  307  290  157
  124  223    1  227  301  291  159
  125  217    5  229  302  292  154
  126  204   16  245  282  307  142
  127  205   20  247  283  301  144
  128  206   17  249  284  302  146
  129  207   14  251  285  303  141
  130  208   18  246  286  304  143
  131  209   15  248  280  305  145
  132  203   19  250  281  306  140
  133  197   23  238  289  300  149
  134  198   27  240  290  294  151
  135  199   24  242  291  295  153
  136  200   21  244  292  296  148
  137  201   25  239  293  297  150
  138  202   22  241  287  298  152
  139  196   26  243  288  299  147
  140  239   37  175  324  314  107
  141  240   41  177  325  308  109
  142  241   38  179  326  309  111
  143  242   35  181  327  310  106
  144  243   39  176  328  311  108
  145  244   36  178  322  312  110
  146  238   40  180  323  313  105
  147  246   30  168  331  321  100
  148  247   34  170  332  315  102
  149  248   31  172  333  316  104
  150  249   28  174  334  317   99
  151  250   32  169  335  318  101
  152  251   29  171  329  319  103
  153  245   33  173  330  320   98
  154  232   44  189  310  335   86
  155  233   48  191  311  329   88
  156  234   45  193  312  330   90
  157  235   42  195  313  331   85
  158  236   46  190  314  332   87
  159  237   43  192  308  333   89
  160  231   47  194  309  334   84
  161  225   51  182  317  328   93
  162  226   55  184  318  322   95
  163  227   52  186  319  323   97
  164  228   49  188  320  324   92
  165  229   53  183  321  325   94
  166  230   50  185  315  326   96
  167  224   54  187  316  327   91
  168   92  310  133    9   20  219
  169   93  314  135   10   14  221
  170   94  311  137   11   15  223
  171   95  308  139   12   16  218
  172   96  312  134   13   17  220
  173   97  309  136    7   18  222
  174   91  313  138    8   19  217
  175   85  317  126    2   27  212
  176   86  321  128    3   21  214
  177   87  318  130    4   22  216
  178   88  315  132    5   23  211
  179   89  319  127    6   24  213
  180   90  316  129    0   25  215
  181   84  320  131    1   26  210
  182  106  331  112   16    6  198
  183  107  335  114   17    0  200
  184  108  332  116   18    1  202
  185  109  329  118   19    2  197
  186  110  333  113   20    3  199
  187  111  330  115   14    4  201
  188  105  334  117   15    5  196
  189   99  324  119   23   13  205
  190  100  328  121   24    7  207
  191  101  325  123   25    8  209
  192  102  322  125   26    9  204
  193  103  326  120   27   10  206
  194  104  323  122   21   11  208
  195   98  327  124   22   12  203
  196  120  254  161   37   48  247
  197  121  258  163   38   42  249
  198  122  255  165   39   43  251
  199  123  252  167   40   44  246
  200  124  256  162   41   45  248
  201  125  253  164   35   46  250
  202  119  257  166   36   47  245
  203  113  261  154   30   55  240
  204  114  265  156   31   49  242
  205  115  262  158   32   50  244
  206  116  259  160   33   51  239
  207  117  263  155   34   52  241
  208  118  260  157   28   53  243
  209  112  264  159   29   54  238
  210  134  275  140   44   34  226
  211  135  279  142   45   28  228
  212  136  276  144   46   29  230
  213  137  273  146   47   30  225
  214  138  277  141   48   31  227
  215  139  274  143   42   32  229
  216  133  278  145   43   33  224
  217  127  268  147   51   41  233
  218  128  272  149   52   35  235
  219  129  269  151   53   36  237
  220  130  266  153   54   37  232
  221  131  270  148   55   38  234
  222  132  267  150   49   39  236
  223  126  271  152   50   40  231
  224  148  282  105   65   76  191
  225  149  286  107   66   70  193
  226  150  283  109   67   71  195
  227  151  280  111   68   72  190
  228  152  284  106   69   73  192
  229  153  281  108   63   74  194
  230  147  285  110   64   75  189
  231  141  289   98   58   83  184
  232  142  293  100   59   77  186
  233  143  290  102   60   78  188
  234  144  287  104   61   79  183
  235  145  291   99   62   80  185
  236  146  288  101   56   81  187
  237  140  292  103   57   82  182
  238  162  303   84   72   62  170
  239  163  307   86   73   56  172
  240  164  304   88   74   57  174
  241  165  301   90   75   58  169
  242  166  305   85   76   59  171
  243  167  302   87   70   60  173
  244  161  306   89   71   61  168
  245  155  296   91   79   69  177
  246  156  300   93   80   63  179
  247  157  297   95   81   64  181
  248  158  294   97   82   65  176
  249  159  298   92   83   66  178
  250  160  295   94   77   67  180
  251  154  299   96   78   68  175
  252   22  233   28  107   97  303
  253   23  237   30  108   91  305
  254   24  234   32  109   92  307
  255   25  231   34  110   93  302
  256   26  235   29  111   94  304
  257   27  232   31  105   95  306
  258   21  236   33  106   96  301
  259   15  226   35  100   90  296
  260   16  230   37  101   84  298
  261   17  227   39  102   85  300
  262   18  224   41  103   86  295
  263   19  228   36  104   87  297
  264   20  225   38   98   88  299
  265   14  229   40   99   89  294
  266    1  240   42   93  104  282
  267    2  244   44   94   98  284
  268    3  241   46   95   99  286
  269    4  238   48   96  100  281
  270    5  242   43   97  101  283
  271    6  239   45   91  102  285
  272    0  243   47   92  103  280
  273    8  247   49   86  111  289
  274    9  251   51   87  105  291
  275   10  248   53   88  106  293
  276   11  245   55   89  107  288
  277   12  249   50   90  108  290
  278   13  246   52   84  109  292
  279    7  250   54   85  110  287
  280   50  177   56  135  125  331
  281   51  181   58  136  119  333
  282   52  178   60  137  120  335
  283   53  175   62  138  121  330
  284   54  179   57  139  122  332
  285   55  176   59  133  123  334
  286   49  180   61  134  124  329
  287   43  170   63  128  118  324
  288   44  174   65  129  112  326
  289   45  171   67  130  113  328
  290   46  168   69  131  114  323
  291   47  172   64  132  115  325
  292   48  169   66  126  116  327
  293   42  173   68  127  117  322
  294   29  184   70  121  132  310
  295   30  188   72  122  126  312
  296   31  185   74  123  127  314
  297   32  182   76  124  128  309
  298   33  186   71  125  129  311
  299   34  183   73  119  130  313
  300   28  187   75  120  131  308
  301   36  191   77  114  139  317
  302   37  195   79  115  133  319
  303   38  192   81  116  134  321
  304   39  189   83  117  135  316
  305   40  193   78  118  136  318
  306   41  190   80  112  137  320
  307   35  194   82  113  138  315
  308   78  205    0  163  153  275
  309   79  209    2  164  147  277
  310   80  206    4  165  148  279
  311   81  203    6  166  149  274
  312   82  207    1  167  150  276
  313   83  204    3  161  151  278
  314   77  208    5  162  152  273
  315   71  198    7  156  146  268
  316   72  202    9  157  140  270
  317   73  199   11  158  141  272
  318   74  196   13  159  142  267
  319   75  200    8  160  143  269
  320   76  197   10  154  144  271
  321   70  201   12  155  145  266
  322   57  212   14  149  160  254
  323   58  216   16  150  154  256
  324   59  213   18  151  155  258
  325   60  210   20  152  156  253
  326   61  214   15  153  157  255
  327   62  211   17  147  158  257
  328   56  215   19  148  159  252
  329   64  219   21  142  167  261
  330   65  223   23  143  161  263
  331   66  220   25  144  162  265
  332   67  217   27  145  163  260
  333   68  221   22  146  164  262
  334   69  218   24  140  165  264
  335   63  222   26  141  166  259