  577  745  150
  576  744  151
  579  747  149
  578  746  148
  581  749  145
  580  748  144
  583  751  147
  582  750  146
  585  753  158
  584  752  159
  587  755  157
  586  754  156
  589  757  153
  588  756  152
  591  759  155
  590  758  154
  593  761  166
  592  760  167
  595  763  165
  594  762  164
  597  765  161
  596  764  160
  599  767  163
  598  766  162
  601  721  174
  600  720  175
  603  723  173
  602  722  172
  605  725  169
  604  724  168
  607  727  171
  606  726  170
  609  729  182
  608  728  183
  611  731  181
  610  730  180
  613  733  177
  612  732  176
  615  735  179
  614  734  178
  617  737  190
  616  736  191
  619  739  189
  618  738  188
  621  741  185
  620  740  184
  623  743  187
  622  742  186
  625  701   97
  624  700   96
  627  703   99
  626  702   98
  629  699  101
  628  698  100
  631  696  103
  630  697  102
  633  709  105
  632  708  104
  635  711  107
  634  710  106
  637  707  109
  636  706  108
  639  704  111
  638  705  110
  641  717  113
  640  716  112
  643  719  115
  642  718  114
  645  715  117
  644  714  116
  647  712  119
  646  713  118
  649  677  121
  648  676  120
  651  679  123
  650  678  122
  653  675  125
  652  674  124
  655  672  127
  654  673  126
  657  685  129
  656  684  128
  659  687  131
  658  686  130
  661  683  133
  660  682  132
  663  680  135
  662  681  134
  665  693  137
  664  692  136
  667  695  139
  666  694  138
  669  691  141
  668  690  140
  671  688  143
  670  689  142
  251  863   49
  250  862   48
  248  860   51
  249  861   50
  255  856   53
  254  857   52
  252  858   55
  253  859   54
  259  847   57
  258  846   56
  256  844   59
  257  845   58
  263  840   61
  262  841   60
  260  842   63
  261  843   62
  243  855   65
  242  854   64
  240  852   67
  241  853   66
  247  848   69
  246  849   68
  244  850   71
  245  851   70
  275  839   73
  274  838   72
  272  836   75
  273  837   74
  279  832   77
  278  833   76
  276  834   79
  277  835   78
  283  823   81
  282  822   80
  280  820   83
  281  821   82
  287  816   85
  286  817   84
  284  818   87
  285  819   86
  267  831   89
  266  830   88
  264  828   91
  265  829   90
  271  824   93
  270  825   92
  268  826   95
  269  827   94
  207  808    5
  206  809    4
  204  810    7
  205  811    6
  200  812    3
  201  813    2
  202  814    0
  203  815    1
  215  792   13
  214  793   12
  212  794   15
  213  795   14
  208  796   11
  209  797   10
  210  798    8
  211  799    9
  199  800   21
  198  801   20
  196  802   23
  197  803   22
  192  804   19
  193  805   18
  194  806   16
  195  807   17
  231  784   29
  230  785   28
  228  786   31
  229  787   30
  224  788   27
  225  789   26
  226  790   24
  227  791   25
  239  768   37
  238  769   36
  236  770   39
  237  771   38
  232  772   35
  233  773   34
  234  774   32
  235  775   33
  223  776   45
  222  777   44
  220  778   47
  221  779   46
  216  780   43
  217  781   42
  218  782   40
  219  783   41
  379  164  876
  378  165  877
  376  166  878
  377  167  879
  383  162  874
  382  163  875
  380  161  873
  381  160  872
  363  148  884
  362  149  885
  360  150  886
  361  151  887
  367  146  882
  366  147  883
  364  145  881
  365  144  880
  371  156  868
  370  157  869
  368  158  870
  369  159  871
  375  154  866
  374  155  867
  372  153  865
  373  152  864
  355  188  900
  354  189  901
  352  190  902
  353  191  903
  359  186  898
  358  187  899
  356  185  897
  357  184  896
  339  172  908
  338  173  909
  336  174  910
  337  175  911
  343  170  906
  342  171  907
  340  169  905
  341  168  904
  347  180  892
  346  181  893
  344  182  894
  345  183  895
  351  178  890
  350  179  891
  348  177  889
  349  176  888
  335  114  924
  334  115  925
  332  113  926
  333  112  927
  328  118  922
  329  119  923
  330  117  921
  331  116  920
  319   98  932
  318   99  933
  316   97  934
  317   96  935
  312  102  930
  313  103  931
  314  101  929
  315  100  928
  327  106  916
  326  107  917
  324  105  918
  325  104  919
  320  110  914
  321  111  915
  322  109  913
  323  108  912
  311  138  948
  310  139  949
  308  137  950
  309  136  951
  304  142  946
  305  143  947
  306  141  945
  307  140  944
  295  122  956
  294  123  957
  292  121  958
  293  120  959
  288  126  954
  289  127  955
  290  125  953
  291  124  952
  303  130  940
  302  131  941
  300  129  942
  301  128  943
  296  134  938
  297  135  939
  298  133  937
  299  132  936
  276  506  587
  277  507  586
  278  505  584
  279  504  585
  274  510  591
  275  511  590
  273  509  588
  272  508  589
  284  514  595
  285  515  594
  286  513  592
  287  512  593
  282  518  599
  283  519  598
  281  517  596
  280  516  597
  268  522  579
  269  523  578
  270  521  576
  271  520  577
  266  526  583
  267  527  582
  265  525  580
  264  524  581
  252  482  611
  253  483  610
  254  481  608
  255  480  609
  250  486  615
  251  487  614
  249  485  612
  248  484  613
  260  490  619
  261  491  618
  262  489  616
  263  488  617
  258  494  623
  259  495  622
  257  493  620
  256  492  621
  244  498  603
  245  499  602
  246  497  600
  247  496  601
  242  502  607
  243  503  606
  241  501  604
  240  500  605
  226  554  635
  227  555  634
  225  553  632
  224  552  633
  230  558  639
  231  559  638
  229  557  636
  228  556  637
  234  562  643
  235  563  642
  233  561  640
  232  560  641
  238  566  647
  239  567  646
  237  565  644
  236  564  645
  218  570  627
  219  571  626
  217  569  624
  216  568  625
  222  574  631
  223  575  630
  221  573  628
  220  572  629
  202  530  659
  203  531  658
  201  529  656
  200  528  657
  206  534  663
  207  535  662
  205  533  660
  204  532  661
  210  538  667
  211  539  666
  209  537  664
  208  536  665
  214  542  671
  215  543  670
  213  541  668
  212  540  669
  194  546  651
  195  547  650
  193  545  648
  192  544  649
  198  550  655
  199  551  654
  197  549  652
  196  548  653
  780  914  591
  781  915  590
  782  913  588
  783  912  589
  778  918  584
  779  919  585
  777  917  586
  776  916  587
  788  922  599
  789  923  598
  790  921  596
  791  920  597
  786  926  592
  787  927  593
  785  925  594
  784  924  595
  772  930  583
  773  931  582
  774  929  580
  775  928  581
  770  934  576
  771  935  577
  769  933  578
  768  932  579
  804  938  615
  805  939  614
  806  937  612
  807  936  613
  802  942  608
  803  943  609
  801  941  610
  800  940  611
  812  946  623
  813  947  622
  814  945  620
  815  944  621
  810  950  616
  811  951  617
  809  949  618
  808  948  619
  796  954  607
  797  955  606
  798  953  604
  799  952  605
  794  958  600
  795  959  601
  793  957  602
  792  956  603
  828  870  639
  829  871  638
  830  869  636
  831  868  637
  826  865  632
  827  864  633
  825  867  634
  824  866  635
  836  878  647
  837  879  646
  838  877  644
  839  876  645
  834  873  640
  835  872  641
  833  875  642
  832  874  643
  820  886  631
  821  887  630
  822  885  628
  823  884  629
  818  881  624
  819  880  625
  817  883  626
  816  882  627
  852  894  663
  853  895  662
  854  893  660
  855  892  661
  850  889  656
  851  888  657
  849  891  658
  848  890  659
  860  902  671
  861  903  670
  862  901  668
  863  900  669
  858  897  664
  859  896  665
  857  899  666
  856  898  667
  844  910  655
  845  911  654
  846  909  652
  847  908  653
  842  905  648
  843  904  649
  841  907  650
  840  906  651
  315  763  820
  314  762  821
  312  760  822
  313  761  823
  319  767  818
  318  766  819
  316  764  817
  317  765  816
  323  747  828
  322  746  829
  320  744  830
  321  745  831
  327  751  826
  326  750  827
  324  748  825
  325  749  824
  331  755  836
  330  754  837
  328  752  838
  329  753  839
  335  759  834
  334  758  835
  332  756  833
  333  757  832
  291  739  844
  290  738  845
  288  736  846
  289  737  847
  295  743  842
  294  742  843
  292  740  841
  293  741  840
  299  723  852
  298  722  853
  296  720  854
  297  721  855
  303  727  850
  302  726  851
  300  724  849
  301  725  848
  307  731  860
  306  730  861
  304  728  862
  305  729  863
  311  735  858
  310  734  859
  308  732  857
  309  733  856
  363  719  770
  362  718  771
  360  716  769
  361  717  768
  367  712  774
  366  713  775
  364  714  773
  365  715  772
  371  703  778
  370  702  779
  368  700  777
  369  701  776
  375  696  782
  374  697  783
  372  698  781
  373  699  780
  379  711  786
  378  710  787
  376  708  785
  377  709  784
  383  704  790
  382  705  791
  380  706  789
  381  707  788
  339  695  794
  338  694  795
  336  692  793
  337  693  792
  343  688  798
  342  689  799
  340  690  797
  341  691  796
  347  679  802
  346  678  803
  344  676  801
  345  677  800
  351  672  806
  350  673  807
  348  674  805
  349  675  804
  355  687  810
  354  686  811
  352  684  809
  353  685  808
  359  680  814
  358  681  815
  356  682  813
  357  683  812
  306  404    1
  307  405    0
  305  406    3
  304  407    2
  310  402    5
  311  403    4
  309  401    7
  308  400    6
  290  388    9
  291  389    8
  289  390   11
  288  391   10
  294  386   13
  295  387   12
  293  385   15
  292  384   14
  298  396   17
  299  397   16
  297  398   19
  296  399   18
  302  394   21
  303  395   20
  301  393   23
  300  392   22
  330  428   25
  331  429   24
  329  430   27
  328  431   26
  334  426   29
  335  427   28
  333  425   31
  332  424   30
  314  412   33
  315  413   32
  313  414   35
  312  415   34
  318  410   37
  319  411   36
  317  409   39
  316  408   38
  322  420   41
  323  421   40
  321  422   43
  320  423   42
  326  418   45
  327  419   44
  325  417   47
  324  416   46
  354  452   49
  355  453   48
  353  454   51
  352  455   50
  358  450   53
  359  451   52
  357  449   55
  356  448   54
  338  436   57
  339  437   56
  337  438   59
  336  439   58
  342  434   61
  343  435   60
  341  433   63
  340  432   62
  346  444   65
  347  445   64
  345  446   67
  344  447   66
  350  442   69
  351  443   68
  349  441   71
  348  440   70
  378  476   73
  379  477   72
  377  478   75
  376  479   74
  382  474   77
  383  475   76
  381  473   79
  380  472   78
  362  460   81
  363  461   80
  361  462   83
  360  463   82
  366  458   85
  367  459   84
  365  457   87
  364  456   86
  370  468   89
  371  469   88
  369  470   91
  368  471   90
  374  466   93
  375  467   92
  373  465   95
  372  464   94
  564   78  928
  565   79  929
  566   77  930
  567   76  931
  562   73  932
  563   72  933
  561   75  934
  560   74  935
  572   86  912
  573   87  913
  574   85  914
  575   84  915
  570   81  916
  571   80  917
  569   83  918
  568   82  919
  556   94  920
  557   95  921
  558   93  922
  559   92  923
  554   89  924
  555   88  925
  553   91  926
  552   90  927
  540   54  952
  541   55  953
  542   53  954
  543   52  955
  538   49  956
  539   48  957
  537   51  958
  536   50  959
  548   62  936
  549   63  937
  550   61  938
  551   60  939
  546   57  940
  547   56  941
  545   59  942
  544   58  943
  532   70  944
  533   71  945
  534   69  946
  535   68  947
  530   65  948
  531   64  949
  529   67  950
  528   66  951
  514   25  884
  515   24  885
  513   27  886
  512   26  887
  518   29  882
  519   28  883
  517   31  881
  516   30  880
  522   33  868
  523   32  869
  521   35  870
  520   34  871
  526   37  866
  527   36  867
  525   39  865
  524   38  864
  506   41  876
  507   40  877
  505   43  878
  504   42  879
  510   45  874
  511   44  875
  509   47  873
  508   46  872
  490    1  908
  491    0  909
  489    3  910
  488    2  911
  494    5  906
  495    4  907
  493    7  905
  492    6  904
  498    9  892
  499    8  893
  497   11  894
  496   10  895
  502   13  890
  503   12  891
  501   15  889
  500   14  888
  482   17  900
  483   16  901
  481   19  902
  480   18  903
  486   21  898
  487   20  899
  485   23  897
  484   22  896
  407  176  531
  406  177  530
  404  178  528
  405  179  529
  400  180  535
  401  181  534
  402  182  532
  403  183  533
  391  184  539
  390  185  538
  388  186  536
  389  187  537
  384  188  543
  385  189  542
  386  190  540
  387  191  541
  399  168  547
  398  169  546
  396  170  544
  397  171  545
  392  172  551
  393  173  550
  394  174  548
  395  175  549
  431  152  555
  430  153  554
  428  154  552
  429  155  553
  424  156  559
  425  157  558
  426  158  556
  427  159  557
  415  160  563
  414  161  562
  412  162  560
  413  163  561
  408  164  567
  409  165  566
  410  166  564
  411  167  565
  423  144  571
  422  145  570
  420  146  568
  421  147  569
  416  148  575
  417  149  574
  418  150  572
  419  151  573
  455  132  487
  454  133  486
  452  134  484
  453  135  485
  448  130  480
  449  131  481
  450  129  482
  451  128  483
  439  140  495
  438  141  494
  436  142  492
  437  143  493
  432  138  488
  433  139  489
  434  137  490
  435  136  491
  447  124  503
  446  125  502
  444  126  500
  445  127  501
  440  122  496
  441  123  497
  442  121  498
  443  120  499
  479  108  511
  478  109  510
  476  110  508
  477  111  509
  472  106  504
  473  107  505
  474  105  506
  475  104  507
  463  116  519
  462  117  518
  460  118  516
  461  119  517
  456  114  512
  457  115  513
  458  113  514
  459  112  515
  471  100  527
  470  101  526
  468  102  524
  469  103  525
  464   98  520
  465   99  521
  466   97  522
  467   96  523
  437  215  735
  436  214  734
  439  212  732
  438  213  733
  435  208  728
  434  209  729
  432  210  730
  433  211  731
  445  199  743
  444  198  742
  447  196  740
  446  197  741
  443  192  736
  442  193  737
  440  194  738
  441  195  739
  453  207  727
  452  206  726
  455  204  724
  454  205  725
  451  200  720
  450  201  721
  448  202  722
  449  203  723
  461  239  759
  460  238  758
  463  236  756
  462  237  757
  459  232  752
  458  233  753
  456  234  754
  457  235  755
  469  223  767
  468  222  766
  471  220  764
  470  221  765
  467  216  760
  466  217  761
  464  218  762
  465  219  763
  477  231  751
  476  230  750
  479  228  748
  478  229  749
  475  224  744
  474  225  745
  472  226  746
  473  227  747
  387  263  680
  386  262  681
  384  260  682
  385  261  683
  391  256  684
  390  257  685
  388  258  686
  389  259  687
  395  247  688
  394  246  689
  392  244  690
  393  245  691
  399  240  692
  398  241  693
  396  242  694
  397  243  695
  403  255  672
  402  254  673
  400  252  674
  401  253  675
  407  248  676
  406  249  677
  404  250  678
  405  251  679
  411  287  704
  410  286  705
  408  284  706
  409  285  707
  415  280  708
  414  281  709
  412  282  710
  413  283  711
  419  271  712
  418  270  713
  416  268  714
  417  269  715
  423  264  716
  422  265  717
  420  266  718
  421  267  719
  427  279  696
  426  278  697
  424  276  698
  425  277  699
  431  272  700
  430  273  701
  428  274  702
  429  275  703