   10   63   75   94  105  114  120  122  141  150  151  162  216
   13   19   55   69   73   99  105  118  140  142  164  165  184
    3   25   68  101  120  146  171  174  184  186  201  203  228
    2   22   29   37   52   74   94  106  138  142  167  175  213
   21   36   54   74   84   87  101  110  136  176  207  211  214
   15   17   29   59   64   73  122  131  159  168  173  203  229
   23   78   82   94   97  104  113  124  128  136  143  160  179
   12   20   66   71   89  101  105  163  173  185  218  219  225
   14   59   69   81   83   84  116  144  166  194  202  213  222
   21   40   62   88  105  121  128  174  178  222  224  226  229
    0   13   28   79  117  144  152  153  173  198  201  205  227
   32   51   54   93   94  125  148  155  166  168  178  186  208
    7   38   87  107  122  124  148  149  165  175  187  194  224
    1   10   15   26   30   98  136  155  177  182  187  191  213
    8   19   93  109  114  119  152  158  169  171  179  192  229
    5   13   66   77   91   95  126  128  147  154  156  171  212
   29   69   70   77  101  114  117  148  191  196  197  210  226
    5   20   37   55  108  115  116  119  136  149  162  205  208
   33   34   54   83   85   98  108  124  131  132  137  181  206
    1   14   24   87   94  108  123  134  161  199  220  225  228
    7   17   31   39   43   70   88   93  127  137  138  201  207
    4    9   46   82  107  115  131  138  158  166  182  223  228
    3   32   48   56   72  110  122  127  128  192  205  210  218
    6   26   73   83   93  145  150  153  156  174  188  199  218
   19   39   44   81   89  112  128  162  167  200  203  214  227
    2   67   95  132  136  141  152  161  164  166  172  185  226
   13   23   40   43   56   59   63   96  101  109  134  167  180
   28   32   38   52   57   77   81  123  136  163  206  223  229
   10   27   33   39   50   69   92  109  121  126  159  215  218
    3    5   16   79   84   93  121  151  163  165  177  189  200
   13   53   60  116  121  122  137  146  158  160  183  190  225
   20   52   53   67   73   96   97   98  148  170  200  202  220
   11   22   27   73   89  120  134  137  154  172  177  179  196
   18   28   48   59   70   89   90   94  165  169  174  190  212
   18   43   58   73   75  115  125  128  152  189  197  213  225
   43   62  112  120  126  129  139  158  161  165  173  188  191
    4   39   51   64  100  105  117  124  134  146  156  169  189
    3   17   63   69   91   97  169  187  188  193  195  214  225
   12   27   64  108  114  128  133  140  166  188  190  201  211
   20   24   28   36   45   78   80  118  131  157  192  195  213
    9   26   55   78   89  106  110  123  132  144  146  148  151
   55   59   82  112  133  137  171  189  193  198  216  218  226
   56   69   89  136  147  150  157  158  178  189  201  209  220
   20   26   34   35   84   86   94  103  107  135  164  193  229
   24   46   49   71   73  109  151  160  181  187  201  212  226
   39   58   59   66  104  108  142  145  151  158  170  186  210
   21   44   48   66   97  100  103  137  150  152  159  184  191
   52   68   82   84  108  117  141  159  178  187  192  204  219
   22   33   46   65   96  118  135  136  145  146  194  217  219
   44   52   75   87   90  102  131  146  164  179  208  209  222
   28   61  110  113  135  139  142  156  185  187  202  208  228
   11   36   53   62   68   70   91  111  140  151  152  167  218
    3   27   31   47   49   54   59   65  105  129  147  152  182
   30   31   51   63  128  145  159  165  181  196  198  209  228
    4   11   18   52   69   71   78   88  122  145  161  171  227
    1   17   40   41   71  120  152  156  190  200  209  210  215
   22   26   42   57   68  104  131  149  161  190  198  202  207
   27   56   60   61   87  111  115  145  169  173  184  200  226
   34   45   63   74   81   82   95  139  146  149  153  155  220
    5    8   26   33   41   45   52  125  160  172  214  224  228
   30   57   66   83  102  106  107  113  118  141  205  214  220
   50   57   65   67   93  100  101  112  122  140  209  212  213
    9   35   51  149  170  179  185  201  204  206  213  214  216
    0   26   37   53   58   80   87  113  147  166  206  219  221
    5   36   38   76   94  102  112  132  182  184  202  204  217
   48   52   61   80   92  104  107  116  132  155  176  180  201
    7   15   45   46   60   67   68   94  110  180  189  206  222
   25   31   61   66   69  125  153  167  177  190  216  217  229
    2   47   51   56   66   73   79   88  112  114  116  195  215
    1    8   16   28   37   42   54   67  107  111  130  146  204
   16   20   33   51  106  143  147  161  176  184  187  222  223
    7   44   54   55   77   86   96  104  121  141  153  213  228
   22   78   86   95  101  102  116  125  130  133  187  199  206
    1    5   23   31   32   34   44   68   80  106  158  185  194
    3    4   58   83   89  140  160  180  191  198  208  215  229
    0   34   49   77   97  110  116  118  138  161  177  204  224
   64   80  101  126  127  145  152  160  162  177  193  220  222
   15   16   27   71   75  100  113  127  158  167  174  195  198
    6   39   40   54   72  114  139  177  184  194  198  212  225
   10   29   68   86   87  100  118  119  128  132  139  170  223
   39   63   65   73   76   86  111  163  171  178  190  191  205
    8   24   27   58   88   97  101  132  156  165  183  205  216
    6   21   41   47   58  118  122  126  163  167  169  196  201
    8   18   23   60   74   91  105  112  159  177  201  210  223
    4    8   29   43   47   95  113  157  162  181  184  190  218
   18  126  133  134  151  155  184  195  205  207  209  219  229
   43   71   72   79   80  136  140  154  159  169  186  216  224
    4   12   19   49   57   63   79  125  126  137  143  174  210
    9   20   54   68   81   92  113  169  172  175  199  209  217
    7   24   32   33   40   42   74  113  116  170  171  182  188
   33   49  111  112  127  141  144  156  157  186  196  225  229
   15   37   51   83  104  123  133  139  164  192  200  217  224
   28   65   88  141  149  154  160  167  168  184  188  189  210
   11   14   20   23   29   61  126  141  146  182  206  211  224
    0    3    6   11   19   33   43   64   66  149  183  209  226
   15   25   58   72   84  105  109  111  137  148  188  209  227
   26   31   48   71   99  111  114  126  183  189  203  208  223
    6   31   37   46   75   81  121  134  140  157  171  173  210
   13   18   31  100  107  110  162  163  179  186  188  215  226
    1   96  113  125  129  132  138  149  150  192  211  212  222
   36   46   61   77   79   98  106  120  149  164  178  199  221
    2    4    7   16   26   61   72   76   81  108  118  129  179
   49   60   64   72  123  150  165  167  171  185  197  207  215
   43   46  111  117  122  132  133  142  147  174  177  214  215
    6   45   56   65   71   91  106  117  137  162  165  211  229
    0    1    7    9   36   52   83   95  119  135  143  186  197
    3   40   60   70   73  100  104  126  135  157  166  216  227
   12   21   43   60   65   69   98  151  156  172  192  198  203
   17   18   19   38   45   47  101  111  121  135  150  154  198
   14   26   28   44   95  124  138  140  170  176  178  196  217
    4   22   40   50   66   75   98  111  119  165  168  193  201
   51   57   69   80   90   95   96  103  108  110  120  175  182
   24   35   41   61   64   68   83   90  121  130  136  138  148
    6   50   60   63   77   84   88   89   99  131  133  152  186
    0   14   16   38   68   78   96  115  137  155  156  164  214
   17   21   34   57  114  134  147  160  165  186  217  218  227
    8   17   30   65   68   72   75   89  124  126  142  153  226
   10   16   36   47  103  104  138  171  172  194  206  208  220
    1   39   48   60   75   79   82  101  147  175  181  188  229
   14   17   79  105  110  133  145  157  167  172  183  191  212
    0    2   32   35   55  100  111  131  180  187  211  217  220
    9   28   29   30   71   97  108  112  125  164  180  194  207
    0    5   12   22   30   54   61   82  103  123  170  195  222
   19   27   40   91  102  122  138  153  181  186  189  191  219
    6   12   18   36  109  116  127  147  168  191  200  216  228
   11   34   59   67   72   87   99  121  156  162  191  195  201
   15   28   35   76   82   85   87   93   96  106  116  172  197
   20   22   76   77   90  124  139  151  159  166  180  183  214
    6    9   15   22   24   34   38   53   79  129  141  176  208
   35   52   99  101  128  137  151  153  157  168  169  194  215
   69   72  112  134  135  152  163  168  170  174  181  183  211
    5   18   21   39   49   56  113  120  140  148  153  183  193
   18   25   40   64   65   79   81   99  103  158  187  196  218
   38   41   72   85   91  103  113  119  146  161  178  180  213
   19   26   32   36   85   97  115  130  139  141  175  215  222
   43   48   50  105  106  108  130  153  160  171  195  196  200
    4    6   13   17   25   27   42   48   86  112  151  197  222
   18   20   30   32   41   46   87   95  104  114  129  144  204
    3   20   21   75   99  109  112  117  123  145  154  155  190
   35   50   58   78   79   91  127  134  150  182  190  203  226
    1   38   51   61   74   86   97  109  131  144  172  174  219
    0   25   47   60   71   90   92   93  128  134  142  191  193
    1    3   45   50  103  116  141  148  179  207  217  221  223
    6   70   87  105  154  158  181  193  203  205  213  215  217
    8   10   40   90  137  140  145  147  149  163  195  197  203
   23   45   48   53   54   57   76  119  138  144  164  187  215
    2   30   36   40   48   49   58   69   93  133  154  162  173
   15   42   52   63   70  103  115  118  124  144  185  199  211
   11   12   16   31   40   95  112  131  142  150  160  169  205
   12   17   56   58   62   92   94   99  100  144  171  177  181
    0   23   42   46   99  102  108  139  148  163  172  176  213
    0   29   40   44   45   51   85  107  127  129  136  199  202
   10   14   25   34   46   51   52   55   76  113  130  154  207
   10   23   58   67   71  116  123  129  131  135  175  178  214
   15   32   86   92  108  138  143  146  152  165  202  214  221
   11   13   58   65   85  114  138  157  159  174  185  193  200
   15   23   36   50   55   81   90  107  114  125  161  170  219
   39   42   84   90   97  106  119  129  155  206  217  226  228
   14   21   30   35   42   45   73   77  132  143  175  208  219
    5   28   46   47   53   83   86  127  155  161  175  179  211
    6   30   44   59   74   76   92  115  135  148  161  192  206
   19   25   35   54   56   70   75  133  156  159  160  163  221
    0   17   24   76   84   98  104  125  146  175  185  196  223
    7   27   29   80   82   98  130  144  150  161  208  214  217
    1   25   43   49   91  100  114  121  145  168  176  202  205
    1   12   29   33   35   53   81  102  104  110  115  154  178
    8   11   21   25   38   63  106  127  170  173  189  212  215
    3   24   26   51   67   77   82   92  102  119  173  194  211
    5   11   92  110  124  129  130  164  198  213  219  220  223
   14   33   36   37   57   82   86   88  129  148  180  185  203
   31   45   62   79   89  109  122  130  156  166  184  193  197
    2   14   15   41   54   80   89   97  102  117  135  149  223
   25   32   59   88  107  117  119  126  140  150  181  200  225
    5    7   10   35   57   97  146  166  167  176  181  192  199
    2    9   23   33   77   87  103  130  140  155  189  192  202
    3   12   88  111  118  134  153  158  159  162  202  206  212
    4   65   70  109  128  150  164  173  177  183  186  195  206
   13   29   32   67   75   76   78   83  103  149  176  219  228
    9   11   42   47   80  100  109  133  153  165  203  210  225
    6   14   32   49   62   98  101  142  159  189  190  195  227
   26   65   66   74  120  121  127  133  169  181  197  204  227
   18   44   53   84  118  123  130  143  149  172  173  180  182
   13   21   52   64   89   93  111  139  181  195  210  216  221
   30   81   94   96  119  127  130  131  176  185  188  221  224
    1    2   46   57   64   70   78   84   85   92  170  208  224
    7   25   50   62   73  102  147  155  162  169  183  198  210
    2   11   45   86   90   98  105  113  115  123  176  194  204
   12   13   37   44   47   50   70   72  120  132  145  189  229
   23   35   37   38   89   92   95   98  118  183  207  222  228
   29   34   36   41   42   66   92   96  123  166  174  179  187
   30   33   38   55   56   67   80   84  138  139  179  197  199
   13   16   35   46   74   80  119  123  124  125  141  202  218
   14   22   39   47   91   99  107  160  173  174  197  209  216
   37   41   43   76  110  131  141  143  155  170  194  199  227
    8   12   48   73   78  117  121  129  167  186  193  209  221
   37   39   68   77   85  122  125  135  144  176  179  182  220
   16   32   53   82   90  109  132  135  162  199  207  213  224
   16   34  102  105  126  136  144  170  180  190  192  221  228
   10   41   53   56   74   77   78  107  108  168  185  217  222
   19   23   72   88  100  147  151  173  190  193  196  204  208
   24   29   31   55   57   91  124  135  155  172  204  221  222
    2   10   20   38   42   44   62   65   82   83  110  125  221
    8   31   50   56   64  151  154  164  174  175  191  225  227
    2    5   24   96  107  139  143  144  169  178  206  207  218
   47   62   64   69   75  137  180  186  199  200  205  212  223
   10   17   22   60   80   81   85  143  148  164  204  211  228
   18   27   62   63   66   72   93  117  157  160  175  176  203
    4   20   56   85  102  121  142  152  188  196  203  212  216
   11   17   49   50   74   96  117  128  158  163  184  199  216
   42   49   53   55   61   85   88   94   95  192  194  214  223
   16   22   45   55   83   87   92   97  178  182  185  212  227
    4   38   93   99  104  120  130  147  159  167  205  225  226
   15   33   44   61   78   99  119  166  175  204  207  210  220
    3    8   13   34   39   61   62   71  133  143  150  168  196
    4   24   37   59   60   62  103  114  127  153  154  163  209
   28   55   68   74   98  102  103  129  134  143  145  166  224
    0   41   62   67   81   86  106  124  182  192  207  208  225
   48   64   67   88   91  109  115  120  142  143  157  163  198
    7   22   23   28   41   51   84  115  132  191  203  220  221
    7   47   48   63   85  123  140  156  158  168  177  226  227
   19   31   42   58   60   76  117  120  168  195  212  218  224
   63  100  142  154  161  182  183  194  197  200  201  218  229
    8    9   49   66   70   76   99  122  134  136  188  198  200
   21   27   70   79   83   96  142  162  168  171  204  209  225
    9   12   59   75   86   91   93  183  184  196  215  220  227
    7   19   30   34   37   78   90  172  178  202  211  216  223
    9   16   25   41   44   57   94   98  116  139  157  211  219
   10   24   54   95  106  115  179  180  193  202  210  219  224
    2   19   21   50   53   59   71  124  157  177  188  197  205
    5    9   14   27   43   67   74   85   90  104  118  187  221