    584    493    440    322    635    231    306
    324    480    431    332    445     73    192
    636    503    388    327    581     32    310
    578    422    434    335    513     83    275
    452    609    337    336    632    285    308
    586    495    442    337    570    286    206
    520    415    376    338    614    153    318
    624    564    509    339    613    152    268
    415    629    488    546    496    132     54
    442    631    418    421    505     78    201
    446    408    566    428    389    135    314
    349    483    433    431    447    136    257
    344    482    331    334    340    137    252
    345    556    504    369    510    138    253
    346    557    366    370    382    139    254
    633    332    382    343    524     35    282
    576    500    325    346    637     84    220
    573    364    390    348    583     85    217
    617    428    344    349    517     86    279
    616    427    448    320    623     87    278
    581    418    437    372    617    156    277
    580    329    436    373    515    158    136
    620    499    505    374    575    159    309
    621    359    506    375    576     31    210
    454    491    339    376    634    311    208
    523    562    379    377    610    228    272
    524    561    380    378    639    227    271
    522    417    378    379    511    230    269
    521    416    377    380    615    229    270
    585    494    441    381    569     79    305
    556    520    628    532    487    114     41
    428    602    400    556    430     23    255
    499    626    404    474    490      2    262
    562    534    328    549    359    265    115
    417    531    560    548    498    134    117
    493    595    410    603    418     15    203
    494    594    409    604    565    204    119
    372    607    561    564    440    143    260
    322    550    421    565    373    146    134
    509    547    420    423    507    148    264
    378    604    496    359    434    149    131
    377    603    497    499    567     30    266
    323    411    428    424    391    206    191
    510    410    425    330    324    207    319
    384    486    501    503    448    208    292
    383    487    500    363    344    209    291
    391    485    333    331    342    210    299
    327    405    370    504    386    211    195
    326    559    369    366    385    212    194
    388    558    367    371    383    213    296
    389    404    368    321    384    214    297
    390    608    430    433    444    215    298
    635    431    385    384    520     89    148
    568    334    384    386    392     91    145
    639    369    444    387    587      8    223
    610    370    445    323    452     93    222
    449    502    327    389    579    160     74
    619    424    347    390    621    161    281
    513    566    348    324    620    162    141
    512    330    346    391    519    163    140
    618    429    345    325    518    164    280
    572    363    389    326    582    165    216
    583    420    439    434    512    233    138
    517    496    373    435    636    234    214
    623    497    508    436    572     80    213
    622    360    507    437    577    235    211
    516    361    372    438    449     81    212
    637    421    567    439    619     82    274
    525    414    381    440    612    284    135
    392    563    322    441    611    283    273
    587    490    443    442    633    150    207
    451    357    336    443    571    151    307
    595    345    621    615    544    100     92
    604    617    539    544    474      1    124
    486    620    457    589    608     56     97
    405    523    625    458    489    117    100
    558    522    528    595    353    116    102
    480    584    592    596    560    185    103
    608    585    591    456    408      9    186
    369    599    605    486    424     29    315
    424    468    479    405    332     64    316
    330    465    474    558    432     66    257
    503    543    475    480    366     67    193
    363    542    476    608    504      3    299
    496    628    485    477    493     16    258
    360    526    480    476    492     17    130
    422    638    481    552    561     18    303
    421    588    482    553    562     19    197
    414    393    354    551    361    131    185
    609    597    355    471    421     52    304
    490    457    356    606    422    200    187
    495    456    487    605    420     53    205
    357    596    486    470    419     72    188
    564    530    353    631    497     55    267
    439    478    415    561    337    218    198
    434    475    563    416    442    220    301
    435    553    490    494    376    221    302
    436    552    609    493    509     74    196
    337    399    423    419    375    223    204
    338    606    359    497    437    224    205
    339    471    499    496    438     72     75
    441    470    498    361    436    225    200
    440    605    358    360    435     76    304
    336    546    565    422    506     77    202
    341    413    330    426    326    268    249
    342    354    503    500    348    269    250
    343    489    363    501    347    270    251
    445    488    362    364    345    271    313
    444    353    502    365    346    272    312
    340    560    424    427    388    273    248
    348    407    321    367    323    274    256
    347    406    371    368    387    275    255
    320    484    332    430    341    276    129
    448    481    432    333    446    277    316
    570    331    387    445    522     30    166
    614    504    341    446    584     33    225
    613    366    447    340    585     76    168
    611    371    446    447    453     75     34
    612    321    340    341    454    169    224
    632    433    510    342    523     36    144
    514    426    349    448    516    236    142
    515    425    320    344    622    237    143
    575    501    391    345    578    238    219
    574    365    324    347    450    239    218
    519    498    375    505    573     73    287
    518    358    374    506    574    154    215
    582    565    438    507    616    155    137
    579    423    435    508    514    157    276
    453    492    338    509    568    226    209
    543    378    632    450    456    112    235
    638    384    585    515    460     85    171
    597    327    623    634    350     88     40
    456    388    516    635    602      8    177
    629    324    637    571    466    178    169
    530    390    578    570    465     34     38
    553    639    468    460    603     10     68
    606    619    630    350    477     11     21
    470    512    541    602    476     12    126
    631    636    461    466    552     13     62
    546    572    601    465    553     14    190
    354    517    595    529    484     59    172
    488    622    459    625    481     58    174
    408    578    533    526    557    120    175
    560    637    534    627    556     37    121
    407    525    627    533    355    119    177
    483    452    588    393    412     53    178
    484    587    638    535    411     38    188
    482    586    455    629    409    187    179
    481    451    593    530    410     39     52
    557    624    527    531    486     40    247
    504    601    399    354    427     70    312
    371    460    631    488    426     71    250
    332    630    548    408    500      7    294
    433    536    547    560    501      6    293
    426    350    555    407    334    125    253
    500    545    403    483    369    126    297
    501    396    402    484    370     20    296
    364    395    552    482    368    127    195
    365    544    553    481    367     21    194
    427    464    554    557    431     22    256
    498    528    559    479    495     56    260
    418    592    407    401    415     57    300
    565    591    406    555    564     58    301
    329    589    556    554    563     59    198
    423    590    557    400    414     60    199
    359    625    558    607    609     61    261
    491    458    411    473    423    114    201
    492    459    412    472    329    202    247
    561    533    413    550    499    116    264
    416    532    408    547    358    118    133
    508    351    417    563    339    279    261
    375    555    493    490    379    130    280
    374    401    494    609    380    140    263
    505    400    492    357    378    281    317
    506    554    491    495    377    141    258
    507    474    562    415    441    142    259
    379    472    361    358    439    282    267
    380    473    360    498    335    132    144
    381    549    422    418    508    133    145
    376    548    419    329    372    147    265
    385    356    364    502    320    305    293
    386    355    365    362    349    306    294
    387    412    427    566    325    307    295
    382    409    426    429    390    308    290
    325    352    334    432    343    309    193
    511    367    343    510    586     77     88
    615    368    342    382    451     78    240
    569    430    386    383    624    147     90
    634    333    383    385    525    146     92
    577    362    326    388    580    288    221
    450    419    335    567    618    139    232
    630    435    616    453    627     42    229
    545    338    569    516    535      1    232
    395    441    634    517    530     82    184
    602    442    610    518    531    158     48
    464    336    639    519    532    157     47
    592    342    587    574    541     97    237
    589    445    451    576    536     87    241
    626    446    624    577    537    163     94
    625    340    520    449    538    164    243
    458    348    518    639    396     90    101
    534    349    582    612    397    166      9
    533    320    581    611    398    167    103
    531    344    579    614    543     35    245
    532    448    580    613    542     36     98
    594    346    620    511    395     91     99
    555    614    464    541    471     42      5
    400    611    350    536    605     43     70
    607    633    545    537    546     44     24
    474    632    396    538    631     45    128
    472    514    537    396    479     46     23
    550    576    599    397    401     47     65
    549    575    598    398    555     48     66
    547    573    463    543    554     49     64
    548    574    462    542    400     50     63
    603    616    540    395    607     51    125
    356    519    456    592    352     61    242
    411    581    629    593    559     17    243
    412    582    530    455    405     94    123
    410    580    535    588    404    122    244
    409    579    393    638    558     95     16
    487    621    597    590    480     96    189
    485    454    590    457    328     55    245
    352    453    589    597    413     98     54
    559    524    626    459    354     99    118
    404    521    529    594    488    101    115
    367    462    471    356    429    128    314
    431    540    472    411    363     26    290
    430    539    473    412    503     25    319
    334    537    604    410    502     28    191
    333    538    603    409    362     27    295
    370    598    470    487    566      0    249
    502    397    478    485    371    190    192
    362    398    477    352    321     62    298
    566    467    351    559    433     63    252
    429    466    607    404    331     65    129
    420    455    484    403    417    120    302
    419    593    483    402    416    121    196
    497    527    352    478    494    122    317
    361    627    608    475    491    123    263
    563    535    489    399    360    186    266
    438    402    495    492    381    197    310
    437    403    357    491    322    216    303
    335    477    564    562    443    199    217
    567    476    414    417    336    219    300
    443    551    329    420    374    203    222
    447    328    429    425    327    318    315
    571    432    323    444    521    149    167
    540    375    513    521    455    109    311
    537    505    618    523    638    231    104
    599    372    572    392    590    151    105
    598    507    636    525    589    106    286
    397    379    571    578    597    234     12
    468    322    613    579    459    154     13
    467    381    614    580    458     14    287
    465    509    612    581    594     31    111
    466    376    611    582    595    159    110
    542    377    633    583    596     81     11
    455    385    453    617    601     84    174
    628    323    524    618    463    175    288
    527    387    523    512    462    160     37
    526    510    521    619    598    165    170
    627    382    522    513    599     32    289
    588    383    584    514    600    239    172
    393    391    450    633    467    168     39
    535    325    583    632    468     33    179
    457    326    517    568    469    240     41
    596    389    622    569    464     93    176
    402    511    466    601    473    104      7
    478    635    542    463    549    105     27
    477    569    543    462    550    106     28
    475    568    397    598    548    107     26
    476    634    398    599    547    108     25
    552    610    467    600    604    109     69
    399    449    460    467    403    110     67
    551    577    600    468    402    111      3
    471    513    536    469    478    112    127
    605    618    394    464    475    113     20
    413    583    531    628    406     19    289
    328    450    532    527    407    170     18
    489    623    594    528    483    171     60
    353    516    458    626    482    173     57
    406    392    526    534    356    176     15
    331    394    549    413    365     69    292
    432    541    550    328    364     68    291
    366    461    551    489    428      4    313
    321    600    546    353    425      5    251
    425    469    401    406    333    124    254
    358    529    405    351    357    189    259
    373    479    416    414    338    262    278
    394    438    515    584    527    227    183
    601    439    575    451    528    284     45
    461    335    576    586    529    283     44
    460    434    574    452    626    153    180
    600    567    573    587    625    152    181
    536    436    617    454    526    230    182
    350    337    615    620    534    156     49
    469    443    511    621    533    155     50
    396    339    635    622    393    233     51
    544    440    568    623    629     83     46
    528    341    392    636    540    161    244
    529    447    525    572    539    162     95
    591    343    452    573    394    236     96
    590    444    586    575    630     86    242
    459    347    519    610    545     89    102
    351    570    544    540    551    180     29
    479    571    395    539    399    181      0
    401    613    602    394    606    182     71
    554    612    469    630    470    183      4
    473    515    538    545    351    184     22
    355    518    596    591    485    241      2
    368    463    606    355    330     24    248
    462    508    577    520    591    150    108
    463    373    449    624    592    285    107
    539    374    619    522    593    226     10
    538    506    512    524    588     79    246
    398    380    570    637    457     80    113
    593    386    454    616    461    238    173
    403    615    465    461    472    246      6
    541    437    514    585    628    228     43
    112    590    202    558    121     19    180
    286    623    118    394    110     50    233
     38    538    253    547     69      0    242
     42    456    259    409    247     55    110
      1    528    133    352    123     58     43
    184    626    265    608     16     60    182
     48    627    266    482    189     61    104
     47    526    131    481     56      2    246
    279    384    246    513     33    284    222
    163    635     21    528    245    179    167
     81    452     59    397    104     43    311
    283    620    114    460     12     46    235
    152    518     15    461    112      1     80
    230    582    188    462     46    113    287
    229    581     53    463    184     12    154
    243    395    292    554    190      3    177
    103    462    195    473     71      4    244
     98    599    296    603      4      5     94
     99    600    192    470    128      6    289
    100    460    298    605     24      7    170
    109    535    199    356    118    116     12
    104    530    300    486    115    118    112
    105    531    196    353    186    119     46
    106    532    302    488    185     15    184
     12    591    203    405     18    121     45
     13    455     72    406     60    122    107
     14    593    205    407     59     16    108
    111    638    304    557     57    123    106
    110    588    200    556     58     17    105
     11    589    201    404    120     18    181
    296    364    154    507    207    136    131
    305    372    170    587    234    288    309
    223    614    184    324    238    233    216
    281    617    108    342     93    286     76
    140    445    105    515     88    150    224
    310    446    181    575     89    311    144
    216    576    180    340     90    226    282
     92    513     71    393    242    173    288
    288    632    125    589    102    176    169
    165    570     23    591     99     40     33
     85    614     65    455    177    102    240
    239    613     66    593    176    101     88
    233    585    189    465    107    181    230
     83    454     61    467    106     45    227
    157    523     17    350    180    107    284
    158    524    123    469    181    108    283
    285    622    116    536     14     48     82
    226    578    185    537     49    110    158
    311    637    186    538     50    111    157
     79    450     54    539     48     13    155
    231    583     55    540     47     14    156
    151    517    117    541    111     49    232
     37    469    250    351     66     20    179
    289    464    313    607     63     21     38
    172    465    314    476    125     22    245
    171    466    248    475    124     23     98
    179    539    256    550      6     24     96
     41    394    257    551     28     25    174
     40    541    129    399     27     26    173
    176    630    252    546     25     27    171
    177    536    316    631     26     28    172
    178    537    254    548     68     29    241
    183    597    262    412     15    186     14
     45    459    263    413    188    187     49
     44    458    130    328     53     52     50
    180    594    258    408     52    188     48
    181    595    317    560    187     53     47
    182    596    260    410    114     54    111
     49    527    132    483      2    189    109
     50    628    267    484     61     56     10
     51    529    134    485     17     57    183
     46    625    264    480    122     59     42
     69    477    282    428    300    250     53
    264    446     88    357    220    145    298
    290    377    283    321    277    307    302
    193    425    157    335    306    215    205
    298    427    156    567    209    210    200
    252    436    232    330    271    211    201
    316    429    233    435    272    212    202
    274    581     98    378    150    240    306
    207    439    173    584     31    164    214
    307    434    172    453    287    161    211
    268    435    241    524    156    237    275
    318    436    242    523    155    236    274
    225    610     50    349     32    235    219
     75    511     47    344    288     80    218
    282    635    111    345    162    287    278
    144    569    110    346    161    154    279
    142    512     10    385    169    152     78
    220    636    183    323     36    230    147
    219    572     43    387     35    229    148
    217    510     42    577    166    227    146
    218    449    182    382    167    228    145
    278    619    104    383    168    283    223
     88    617     68    456    244    289    164
      8    515      6    457     94    175    161
    169    575     28    458    289     95    237
     34    576     27    459    170    244    236
    161    634     20    625      9    178     35
    237    610    190    526    179     98     92
    236    639     62    627     39    245     91
     87    511     67    527     38      9     89
     86    615      3    628    178    103     90
    164    569    127    529     98     39    166
     80    451     57    542    109     42     79
    287    624    121    395     43    246    286
    154    520    120    544    183    104    151
    159    525     19    396    182    109    150
     31    545     18    392     42     10    285
    235    587     60    398    246    183    226
    228    580    187    598     51    112     31
    227    579     52    599      1     11    159
    284    621    247    600    113    184     81
    153    519    119    601     11     51    234
     95    545    293    401      3     62     40
     96    402    191    398    127     63    102
     97    403    295    397     21     64    101
    242    542    319    553     20     65     99
    241    543    290    552    126     66    100
     94    544    291    400     62     67    176
    102    461    299    606      0     68     37
    101    601    193    471     29     69    175
      9    463    194    472      5     70     95
    245    598    297    604     70     71    243
    108    534    303    489     54    247     51
    107    533    197    354     55    114      1
     10    355    198    393    117    115    113
    246    629    301    487    116    117     11
    113    592    204    559     19    120     44
     56    494    274    412    313    199     66
    190    606    279    369    264    129    123
     71    607    148    424    197    291    186
      4    479    145    330    302    293     55
    128    503    223    401    258    191    117
     24    555    222    363    317    295    118
    258    345    236    360    147    218    248
    132    323     91    414    216     78    129
    266    510     90    415     74    222    316
    200    384    166    416    281     75    254
    304    383    167    417    141    224    253
    293    339    151    331    274    135    130
    292    440    285    332    138    318    317
    312    336    226    333    214    270    260
    313    442    311    334    213    269    259
    195    500    159    373    206    277    267
    255    374     81    362    318    139    134
    256    502    235    375    268    138    133
    254    506    234    363    273    274    264
    253    503     80    505    135    275    265
    297    372    287    365    308    276    266
    137    637    101    338    231     92    308
    276    583    100    441    226     89    206
    210    517    176    442    227    167    318
    309    623    177    336    228    166    268
    209    508    175    586     81     32     73
    271    520     95    375     82    239    277
    272    624    244    374     83     85    137
    270    505    243    392    233     84    136
    269    506     94    525    232    238    276
    306    507    289    452     80    160    210
     77    612      1    391     85     82    221
    148    632    113    327     86    158    141
    147    633     12    326     87    157    281
    145    570     11    388    237    155    280
    146    571    112    389    236    156    140
    222    613     46    390     84    232    310
     74    573     44    341     92     79    149
    221    574     45    447     91    231     30
    141    616    107    343      8    151    225
    280    514    106    444    240    285     75
     90    512     70    530     96    171     32
    166    636     24    531    174    242    239
    167    572    128    532    173    241     85
     35    577      0    533    171     97     84
     36    534     29    449    172     96    238
     91    619      5    535    241    174    160
     84    612     63    588     40    100      8
    238    611     64    638     41     99     93
    160    633    124    590    101    177     34
     32    571     22    592    100     41    168
    155    521     16    464     45    105    152
    156    522    122    602     44    106    153
    232    584     56    466    108    180    229
     82    468      2    453    105     44    228
    150    516    115    630     13     47     83
    173    477    249    468     22    124      9
    174    478    315    467     23    125    103
    175    479    251    350     65    126     39
    170    602    312    474     64    127    178
     39    540    255    549      7    128     97
     43    411    261    457    119    185     13
    185    421    268    405    297    205     27
     59    490    137    408    315    260     62
     58    357    276    328    248    262      3
    120    564    210    489    319    263    127
    121    415    309    354    290    130     21
     66    603    281    504    132    192    120
     63    371    140    472    266    193     18
    125    550    310    332    200    194     60
    124    549    216    433    304    195     59
      6    426     30    475    199    312     52
     28    553    225    500    261    248    247
     27    552     76    501    262    314    114
     25    364     75    403    260    249    119
     26    365    224    402    259    315     15
     68    427    144    478    301    251    188
    261    327     85    419    282    142    295
    260    388    238    421    149    279    290
    300    324    160    329     76    280    291
    301    390    288    423    225    140    292
    134    341     93    490    218    148    193
    203    342     34    491    278    149    194
    204    343    169    492    279     30    195
    202    445    168    493    142    144    297
    201    444     33    494    143    282    296
    265    340    240    495    219    146    192
    295    380    153    366    276    207    197
    249    381    229    367    210    208    198
    315    322    230    368    309    209    199
    314    376    228    369     73    306    301
    248    509    227    370    215    305    300
    319    378    284    371    137    206    196
    257    437     83    424    269    214    204
    129    566     82    438    270    213    203
    299    439    158    426    305     73     72
    192    434    155    428    208    309    304
    139    579    103    379    286      8    208
    213    621     39    322    153    169    272
    214    620    179    381    152     34    271
    212    519    178    509    283     33    269
    211    518     38    376    284    168    270
    275    582    245    377    285     88    305
    273    522     97    438    157     86    138
    135    521     96    437    158     87    139
    308    585    174    335    159    163    213
    206    567    171    454    154    162    212
     30    634     13    348    163     31    143
    149    568     14    347    164    159    142
     76    639     49    320    165     81    220
    224    615     48    448    160    234    217
    143    618    109    386     34    153     77
    168    573     26    594     37     94     86
     33    574     25    595    175    243     87
    240    616     69    596     95    170    163
     93    597      7    514    243     37    162
    162    568    126    626    103     38     36
    234    586     58    543     10    182    231
    244    555    294    396     67    190     41
     53    565    271    557    299    266    128
    187    423    270    407    192    267     29
    114    359    305    483    316    134      5
    247    499    306    484    252    133     71
     61    492    139    410    250    301     64
     17    561    213    486    294    302    124
    123    562    214    487    293    196    125
    122    416    212    355    291    303     22
     16    417    211    356    292    197     23
    189    493    275    411    312    198     65
      3    605    142    367    134    252    122
    127    431    220    546    203    253     56
     21    631    219    430    204    254    189
     20    334    217    399    202    255      2
    126    333    218    551    201    256     61
     62    370    278    471    265    257     17
      0    502     77    400    263    290    115
     29    362     78    554    130    319    116
      5    566    147    474    303    292    185
     70    429    146    351    196    294     54
    263    348     87    496    145    219    315
    197    349    163    358    223     74    251
    303    320    164    498    222    221    250
    302    344    162    359     78    310    312
    196    448    161    499     77    216    313
    317    346    237    361    148    217    314
    205    385     36    561    280    225    255
     72    386     35    562    140     76    256
    267    387     92    563    310     77    257
    131    382     89    564    221    223    252
    251    443    231    430    212    271    261
    250    337     79    431    211    272    262
    294    338    286    432    275    273    263
    291    441    150    433    139    268    258
    194    508     31    501    307    137    132
    215    516     41    337    230     35    135
     73    622     40    443    229     36    273
    277    578    102    339     79     91    207
    136    450     99    440    311     90    307
    208    451     37    373    235    165    215
     78    611     51    325    239     83     74
     89    618      4    629     97    172    165
     55    419    273    404    194    304     25
    117    497    207    608    256    202     69
    118    496    308    480    255    201     68
    116    361    307    485    253    204      7
    115    360    206    352    254    203      6
    186    422    318    559    296     72     28
     19    563    215    488    191    317    126
     18    414     73    353    295    258     20
     60    609    277    560    249    259    190
     57    495    136    413    314    261     67
     22    331     74    548    205    296     58
     23    432    221    547     72    297     57
     65    366    141    604    267    298    121
     64    321    280    473    131    299     19
      7    425    149    476    198    313    187
    199    391    165    418     75    141    294
    198    325     32    565    224    281    293
    262    326    239    420    144    143    191
    259    389     84    422     30    278    319
    133    447      8    609    217    147    299
    191    379    152    504    136    308    303
    138    580      9    380    151     93    209
    119    358    209    481    129    265      4
     15    498    208    482    257    264     70
    188    418    272    556    193    131     24
     52    329    269    406    298    132      0
      2    491    138    409    251    300     63
     67    368    143    470    133    316     16
    130    347     86    497    146    220    249
     54    420    135    558    195    200     26