  607  686  665
  408  713  912
  627  698  692
  565  745  755
  503  688  668
  631  738  705
  560  739  706
  378  740  707
  453  726  939
  414  648  906
  466  769  799
  468  670  945
  358  772  858
  470  773  680
  603  663  802
  629  643  695
  597  753  746
  638  659  747
  418  755  748
  567  656  662
  507  691  816
  609  690  699
  343  808  818
  562  741  708
  563  654  647
  323  743  710
  606  800  761
  433  801  762
  339  802  763
  435  803  764
  354  652  933
  512  784  846
  395  677  956
  515  676  899
  516  788  717
  472  671  909
  364  672  942
  363  673  943
  476  674  675
  527  712  860
  405  831  861
  529  832  641
  407  714  911
  531  715  730
  409  835  650
  533  836  732
  495  666  689
  630  644  862
  553  704  740
  371  705  864
  600  660  749
  599  661  658
  421  662  751
  628  697  808
  366  816  809
  480  699  810
  481  818  811
  510  642  701
  509  693  702
  346  694  703
  566  655  754
  324  747  877
  384  746  756
  385  870  879
  608  687  667
  340  804  765
  341  689  669
  342  806  767
  377  862  824
  496  863  825
  379  864  826
  498  865  827
  398  680  936
  400  682  953
  401  641  954
  402  684  712
  451  724  901
  568  723  902
  569  847  648
  454  649  938
  455  728  776
  572  727  671
  573  851  778
  412  716  944
  411  717  854
  535  718  677
  333  719  957
  416  720  723
  415  721  724
  539  722  725
  465  770  913
  583  771  651
  467  888  652
  585  889  653
  469  774  679
  587  775  792
  471  892  681
  589  893  794
  555  646  742
  556  645  743
  322  708  744
  602  664  801
  425  665  914
  335  761  803
  427  762  916
  549  700  694
  368  701  812
  367  702  696
  484  703  814
  419  754  870
  420  877  871
  542  756  872
  543  879  873
  448  657  757
  326  658  758
  325  749  759
  388  750  760
  344  692  817
  345  810  925
  441  809  819
  442  921  927
  380  742  709
  381  866  828
  382  744  711
  383  868  830
  434  914  884
  557  915  885
  436  916  886
  559  917  644
  457  730  955
  458  650  895
  459  732  714
  460  651  959
  461  734  769
  462  653  770
  463  736  771
  513  675  940
  514  786  672
  610  785  673
  611  903  674
  517  678  716
  518  790  839
  614  789  718
  615  907  841
  361  776  908
  474  777  726
  473  778  649
  590  779  728
  365  780  784
  478  781  785
  477  782  786
  593  783  787
  528  833  682
  621  834  683
  530  930  684
  623  931  685
  532  837  731
  624  838  855
  534  934  733
  357  935  857
  604  640  804
  336  668  805
  337  667  806
  338  765  807
  370  706  863
  488  707  946
  372  824  865
  490  825  948
  334  757  750
  423  758  874
  422  759  752
  546  760  876
  482  817  921
  483  925  922
  594  819  923
  595  927  655
  320  695  820
  348  696  821
  347  812  822
  445  813  823
  386  748  878
  387  872  951
  504  871  880
  505  950  698
  437  805  766
  438  918  887
  439  807  768
  440  920  646
  497  946  929
  605  947  663
  499  948  664
  519  679  935
  520  792  772
  521  681  670
  522  794  774
  523  683  831
  524  796  832
  525  685  833
  526  798  834
  570  725  719
  571  849  720
  632  848  721
  633  941  722
  574  729  777
  575  853  896
  635  852  779
  393  944  898
  413  839  676
  537  840  788
  536  841  678
  625  842  790
  417  843  847
  541  844  848
  540  845  849
  362  846  850
  584  890  734
  637  891  735
  586  952  736
  404  953  737
  588  894  793
  406  895  910
  329  955  795
  373  647  866
  374  710  867
  375  709  868
  376  828  869
  426  763  915
  550  764  958
  428  884  917
  552  885  739
  369  820  813
  486  821  924
  485  822  815
  598  823  657
  544  878  950
  545  951  690
  626  880  691
  327  751  881
  390  752  882
  389  874  883
  508  875  643
  443  811  926
  444  923  753
  564  922  659
  500  867  829
  501  949  666
  502  869  640
  558  958  704
  576  731  713
  577  855  835
  578  733  715
  579  857  837
  580  735  888
  581  859  889
  582  737  890
  328  861  891
  612  787  780
  613  905  781
  639  904  782
  449  957  783
  616  791  840
  350  909  937
  452  908  842
  475  896  727
  592  897  851
  591  898  729
  410  899  853
  479  900  903
  332  901  904
  331  902  905
  622  932  796
  464  933  797
  355  959  798
  356  936  856
  429  669  918
  430  767  919
  431  766  920
  432  887  654
  489  826  947
  601  827  800
  491  929  686
  424  881  875
  548  882  693
  547  883  642
  596  926  745
  349  814  928
  447  815  660
  446  924  661
  506  873  697
  561  919  645
  617  793  773
  618  910  892
  619  795  775
  351  912  894
  620  797  930
  352  913  931
  353  799  932
  634  850  843
  392  943  844
  511  942  845
  394  854  897
  538  937  789
  360  938  907
  359  939  791
  321  940  941
  403  954  859
  492  711  949
  493  830  687
  494  829  688
  551  886  738
  487  928  656
  391  876  700
  636  856  836
  396  945  934
  397  858  838
  399  860  952
  450  906  900
  330  956  852
  554  768  741
  456  911  893
 1994 2377  176
 2018 2473  304
 1929 2281  100
 1999 2488   25
 2050 2380   61
 2052 2318  115
 1950 2439  114
 2054 2440  237
 2033 2485  255
 1971 2548  221
 2021 2476  317
 1966 2522  269
 2080 2523  268
 2081 2255   86
 1931 2386  168
 1955 2284  103
 1956 2331  161
 1957 2332  162
 1958 2333  163
 2056 2373   28
 1953 2433   65
 1952 2432   66
 2060 2530   67
 2111 2321   22
 1992 2320  117
 2113 2443  118
 1993 2378   59
 2115 2379  178
 1995 2496  177
 2117 2497  285
 1924 2551  261
 1940 2487  293
 1978 2427  295
 1977 2529  296
 2096 2263   30
 1922 2469  272
 2025 2558  273
 1935 2517  159
 2027 2339   12
 1968 2524  303
 1967 2415  302
 2084 2257  144
 2019 2550  214
 2020 2290   37
 2142 2291   36
 2143 2292  148
 1959 2278   54
 1921 2447  107
 1962 2325  106
 1963 2449  230
 2003 2334  164
 2004 2253   49
 2005 2336  166
 2006 2392  222
 2007 2393  223
 2008 2394  224
 2009 2395  225
 1997 2315   68
 1996 2435    7
 2119 2436   70
 1928 2371  121
 2001 2490  122
 2000 2489  123
 2123 2552  124
 2049 2274   62
 2168 2382   63
 2051 2381  180
 2170 2500  181
 2053 2441  116
 2172 2442  239
 2055 2537  238
 2174 2538  311
 1926 2482  298
 1943 2527  206
 1944 2526  300
 1945 2353   32
 1923 2430  313
 1980 2429  314
 1981 2266   72
 1939 2486  315
 2035 2244   73
 2034 2304   74
 2157 2305   75
 1936 2519  305
 1937 2520  218
 1938 2254   40
 1970 2547  220
 2088 2400   42
 1972 2286    1
 2090 2402   44
 1934 2475  266
 2023 2293   84
 2022 2242   83
 2146 2295  207
 2082 2345    9
 2083 2346   88
 2194 2347   87
 2195 2348  211
 1930 2327   18
 2010 2328  109
 2011 2329  110
 1932 2385   52
 1933 2503  170
 2014 2387  169
 2015 2505  281
 2064 2283  102
 2065 2396  226
 2066 2285  104
 2067 2398  228
 2068 2455  274
 2069 2456  275
 2070 2457  276
 2071 2458  277
 1951 2374   27
 2058 2375  125
 2057 2492   29
 2176 2493  127
 1954 2434  184
 2062 2532  185
 2061 2531  186
 2180 2559  187
 2112 2322  119
 2210 2445  120
 2114 2444  241
 2212 2540  242
 2116 2498  179
 2214 2499  287
 2118 2556  286
 2216 2316  113
 1946 2423  259
 1920 2528  316
 1948 2260   76
 1984 2480  262
 1985 2298    8
 1986 2297   79
 1987 2416   80
 1941 2368  319
 1942 2246  129
 2037 2245  130
 2038 2308  131
 1979 2264  132
 2098 2265  133
 2097 2361  134
 2205 2362  135
 1973 2549  271
 1974 2287   90
 1975 2288   10
 1976 2289   92
 2026 2338   11
 2150 2462   94
 2028 2340   13
 2152 2464   96
 1969 2256   35
 2086 2349  146
 2085 2258  145
 2198 2351  263
 2144 2408   38
 2145 2409  150
 2226 2410  149
 2227 2411  267
 1960 2388   55
 1961 2389   56
 2072 2390  172
 2073 2391  173
 1964 2448  108
 1965 2541  232
 2076 2450  231
 2077 2543  310
 2127 2335  165
 2128 2459  278
 2129 2337  167
 2130 2461  280
 2131 2510  306
 2132 2511  307
 2133 2512  308
 2134 2250   46
 1998 2437   69
 2121 2438  188
 2120 2534   71
 2217 2535  190
 2002 2491  244
 2125 2554  245
 2124 2553  246
 2220 2431    4
 2169 2383  182
 2232 2502  183
 2171 2501  288
 2234 2319   20
 2173 2539  240
 2235 2271   58
 2175 2376   57
 1925 2483  299
 1988 2243   31
 1927 2300  136
 1990 2301  137
 2041 2259   33
 2042 2355   34
 2043 2354  140
 2044 2477  141
 1982 2240  191
 1983 2268  192
 2100 2267  193
 2101 2365  194
 2036 2306  195
 2159 2307  196
 2158 2424  197
 2231 2425  198
 2029 2341   39
 2030 2342  152
 2031 2343   41
 2032 2344  154
 2089 2401   43
 2201 2514  156
 2091 2403   45
 2203 2516  158
 2024 2294   85
 2148 2412  209
 2147 2296  208
 2229 2414  301
 2196 2470   89
 2197 2471  213
 2238 2472  212
 2012 2451  111
 2013 2452  112
 2135 2453  234
 2136 2454  235
 2016 2504  171
 2017 2557  283
 2139 2506  282
 2140 2324  105
 2183 2397  227
 2184 2513  309
 2185 2399  229
 2186 2252   48
 2187 2545  318
 2188 2279   98
 2189 2280   99
 2059 2494  126
 2178 2495  247
 2177 2555  128
 2236 2313    6
 2063 2533  289
 2182 2370   23
 2181 2369   24
 2211 2446  243
 2239 2273    3
 2213 2272   60
 2215 2317   19
 1947 2261   77
 2045 2262   78
 1949 2357  199
 2047 2358  200
 2104 2299   81
 2105 2418   82
 2106 2417  203
 2107 2525  204
 2039 2247  248
 2040 2310  249
 2161 2309  250
 2162 2428  251
 2099 2363  252
 2207 2364  253
 2206 2484  254
 2092 2404   91
 2093 2405  215
 2094 2406   93
 2095 2407  217
 2151 2463   95
 2230 2546  219
 2153 2465   97
 2087 2350  147
 2200 2474  265
 2199 2352  264
 2228 2521  151
 2074 2507  174
 2075 2508  175
 2190 2509  284
 2191 2249   16
 2078 2542  233
 2079 2384   51
 2193 2275   50
 2221 2460  279
 2222 2282  101
 2223 2241   14
 2224 2330  160
 2122 2536  189
 2219 2270   26
 2218 2372    0
 2126 2312   64
 2233 2248   21
 1989 2302  138
 2108 2303  139
 1991 2420  256
 2110 2421  257
 2164 2356  142
 2165 2479  143
 2166 2478  260
 2102 2269  290
 2103 2367  291
 2208 2366  292
 2160 2426  294
 2154 2466  153
 2155 2467  270
 2156 2468  155
 2202 2515  157
 2149 2413  210
 2137 2544  236
 2138 2276    2
 2225 2277   53
 2141 2323   15
 2237 2251   47
 2179 2314    5
 2046 2359  201
 2167 2360  202
 2048 2481  297
 2209 2419  205
 2163 2311  312
 2204 2518  216
 2192 2326   17
 2109 2422  258
  160 1814  246
   74 1715   41
   57 1915  283
   15 1820  240
   47 1866  128
   99 1868  289
   98 1869  187
  222 1609   24
    9 1761   78
   79 1665  146
  130 1622   44
  132 1776   91
   30 1659   92
  134 1778   93
   24 1862  277
   60 1919  175
   19 1896  310
  113 1895  233
  114 1732   51
   17 1871  243
   50 1759  286
   51 1873  287
   52 1611   19
   14 1902  189
  101 1903  190
  102 1635    0
   46 1904  245
  162 1636   64
  161 1637    4
  274 1638   66
   11 1707  193
   35 1764   81
   36 1700  137
   37 1822  138
   38 1823  139
  136 1668   38
   33 1625  207
   32 1721   85
  140 1722  209
  191 1661   94
   72 1662   13
  193 1663   96
   73 1714  152
  195 1837  153
   75 1716  154
  197 1839  155
    0 1899  280
   64 1900  307
    4 1806  308
   66 1633   46
   21 1914  235
   20 1913  236
  117 1791    2
   58 1855  282
   59 1674  105
  176 1673   15
  177 1795  107
   53 1818  288
    2 1905  183
   55 1639   21
  105 1821  311
  106 1601   57
  107 1642   58
  108 1643   59
   48 1917  247
   49 1683    5
  164 1684    6
  165 1685    7
  100 1686   23
  224 1687  121
  223 1688   25
  306 1689  123
   39 1618   75
    1 1768  248
   42 1652  131
   43 1770  250
   83 1703  140
   84 1702   34
   85 1826  142
   86 1762  199
   87 1763  200
   88 1874  201
   89 1875  202
   77 1628   87
   76 1627   88
  199 1725   89
    8 1666  145
   81 1667  263
   80 1784  147
  203 1785  265
  129 1717   43
  248 1718  156
  131 1719   45
  250 1720  158
  133 1777  215
  252 1885  216
  135 1779  217
  254 1887  218
    5 1916  309
    6 1859  229
    7 1677   48
   23 1861  318
  121 1679   98
   25 1608   99
  123 1681  100
    3 1893  284
   62 1730   16
   61 1729   17
  180 1848   18
  115 1630   50
  116 1734  168
  237 1733   52
  238 1852  170
   16 1872  242
  109 1610   60
   18 1690    3
  111 1691   62
  168 1612  113
  169 1613  114
  170 1694  115
  171 1695  116
  103 1744   26
  104 1745   27
  226 1746   28
  227 1747   29
  163 1748   65
  276 1749  184
  275 1750   67
  318 1751  186
   10 1654  133
   90 1655  134
   91 1656  135
   12 1706  192
   13 1830  290
   94 1708  194
   95 1832  292
  144 1649   80
  145 1766  203
  146 1765   82
  147 1878  205
  148 1824  256
  149 1825  257
  150 1906  258
  151 1907  259
   31 1607  148
  138 1670  149
  137 1669  150
  256 1788  151
   34 1723  208
  142 1724  301
  141 1844  210
  260 1845  303
  192 1780   95
  290 1781  219
  194 1782   97
  292 1783  221
  196 1838  270
  294 1911  271
  198 1840  272
  296 1658   10
   26 1898  279
   27 1736  101
   28 1631   14
   29 1738  103
   65 1632  160
  184 1740  161
   67 1634  162
  186 1742  163
   22 1672   53
  119 1793   54
  118 1792   55
  241 1890   56
  178 1675  106
  179 1797  230
  285 1796  108
  286 1894  232
   54 1640   20
  172 1641  117
   56 1752   22
  174 1753  119
  230 1644  176
  231 1645  177
  232 1756  178
  233 1757  179
  166 1807   68
  167 1808   69
  278 1809   70
  279 1810   71
  225 1811  122
  308 1812  244
  307 1813  124
   40 1709  195
   41 1710  196
  152 1711  197
  153 1712  198
   44 1769  249
   45 1881  312
  156 1771  251
  157 1883  314
  207 1704  141
  208 1828  260
  209 1827  143
  210 1909  262
  211 1876  297
  212 1877  298
  213 1918  299
  214 1698   31
   78 1629  211
  201 1727  212
  200 1726  213
  297 1847  214
   82 1786  264
  205 1787  317
  204 1889  266
  300 1623   84
  249 1841  157
  312 1842  273
  251 1843  159
  314 1603   12
  253 1886  305
  315 1713   39
  255 1619   40
   68 1676   47
   69 1799  164
   70 1678   49
   71 1801  166
  122 1680  222
  244 1803  223
  124 1682  224
  246 1805  225
   63 1731  109
  182 1850  110
  181 1849  111
  288 1912  112
  239 1735  169
  240 1854  281
  311 1853  171
  110 1692   61
  234 1693  180
  112 1815   63
  236 1816  182
  281 1696  237
  282 1697  238
  283 1819  239
  228 1863  125
  229 1864  126
  309 1865  127
  277 1867  185
   92 1772  252
   93 1773  253
  215 1774  254
  216 1775  255
   96 1831  291
   97 1910  319
  219 1833  293
  220 1651  130
  263 1767  204
  264 1880  300
  265 1879  206
  266 1701   33
  267 1908  316
  268 1646   76
  269 1760   77
  139 1671  267
  258 1790  268
  257 1789  269
  316 1626    9
  143 1846  302
  262 1604  144
  261 1664   35
  291 1888  220
  319 1620   42
  293 1621    1
  295 1657   90
  125 1737  102
  126 1856  226
  127 1739  104
  128 1858  228
  185 1741  274
  289 1860  275
  187 1743  276
  120 1794  172
  243 1892  173
  242 1891  174
  287 1798  231
  173 1754  118
  284 1755  241
  175 1870  120
  310 1758  285
  280 1901  188
  154 1834  294
  155 1835  295
  270 1836  296
  271 1602   30
  158 1882  313
  159 1705  191
  273 1615   72
  301 1829  261
  302 1648   79
  303 1647    8
  304 1699  136
  202 1728  304
  299 1606   36
  298 1605   37
  206 1624   83
  313 1660   11
  188 1800  165
  189 1897  278
  190 1802  167
  245 1804  306
  183 1851  234
  235 1817  181
  217 1884  315
  218 1616   73
  305 1617   74
  221 1650  129
  317 1614   32
  259 1600   86
  247 1857  227
  272 1653  132
 1319 1703 2286
 1303 1919 2313
 1356 1622 2298
 1424 1709 2345
 1322 1762 2288
 1290 1764 2338
 1370 1649 2339
 1371 1766 2340
 1330 1902 2326
 1393 1859 2248
 1306 1895 2369
 1284 1914 2270
 1344 1913 2372
 1345 1791 2373
 1471 1627 2263
 1359 1659 2243
 1311 1661 2353
 1416 1662 2259
 1417 1663 2355
 1316 1768 2256
 1364 1655 2291
 1363 1654 2290
 1487 1772 2408
 1292 1822 2341
 1291 1700 2254
 1374 1824 2343
 1320 1702 2400
 1321 1826 2401
 1432 1704 2402
 1433 1828 2403
 1440 1872 2252
 1333 1904 2384
 1295 1866 2277
 1385 1917 2276
 1386 1683 2388
 1300 1862 2271
 1338 1898 2272
 1337 1899 2273
 1456 1631 2274
 1286 1855 2312
 1285 1915 2431
 1348 1673 2432
 1304 1893 2314
 1305 1730 2315
 1401 1729 2435
 1402 1848 2436
 1353 1665 2266
 1410 1607 2244
 1409 1668 2304
 1528 1669 2305
 1313 1714 2260
 1312 1715 2261
 1420 1716 2262
 1357 1717 2297
 1358 1718 2416
 1479 1719 2299
 1480 1720 2418
 1289 1707 2242
 1366 1706 2293
 1367 1830 2294
 1315 1618 2255
 1426 1711 2347
 1425 1710 2346
 1543 1834 2470
 1281 1761 2287
 1324 1874 2404
 1323 1763 2289
 1436 1876 2406
 1372 1765 2462
 1373 1878 2463
 1495 1767 2464
 1496 1880 2465
 1327 1759 2280
 1379 1905 2282
 1378 1818 2241
 1502 1640 2284
 1297 1869 2324
 1296 1868 2323
 1389 1686 2447
 1331 1903 2249
 1332 1635 2328
 1448 1744 2327
 1449 1745 2451
 1283 1900 2316
 1340 1806 2317
 1341 1633 2318
 1299 1916 2319
 1395 1676 2320
 1394 1677 2321
 1517 1678 2322
 1280 1896 2370
 1308 1630 2371
 1307 1732 2488
 1405 1733 2489
 1346 1672 2374
 1347 1793 2375
 1464 1792 2492
 1465 1890 2493
 1310 1625 2246
 1412 1721 2245
 1413 1722 2308
 1352 1628 2264
 1473 1629 2265
 1472 1725 2361
 1570 1726 2362
 1288 1776 2300
 1361 1777 2301
 1360 1778 2302
 1483 1779 2303
 1418 1780 2354
 1419 1781 2477
 1536 1782 2356
 1537 1783 2479
 1317 1652 2257
 1318 1770 2258
 1428 1769 2349
 1429 1881 2350
 1365 1656 2292
 1489 1774 2410
 1488 1773 2409
 1581 1884 2521
 1293 1823 2342
 1376 1906 2466
 1375 1825 2344
 1499 1908 2468
 1434 1827 2514
 1435 1909 2515
 1550 1829 2516
 1551 1648 2517
 1294 1820 2330
 1381 1821 2250
 1382 1601 2332
 1326 1871 2251
 1442 1690 2334
 1441 1610 2253
 1554 1692 2336
 1282 1814 2275
 1335 1637 2386
 1334 1636 2385
 1452 1748 2503
 1387 1684 2278
 1388 1685 2390
 1510 1807 2389
 1511 1808 2507
 1301 1861 2376
 1302 1679 2377
 1397 1608 2378
 1398 1681 2379
 1339 1736 2380
 1458 1737 2381
 1457 1738 2382
 1565 1739 2383
 1287 1674 2433
 1350 1675 2434
 1349 1795 2530
 1468 1796 2531
 1403 1731 2437
 1404 1850 2438
 1524 1849 2534
 1525 1912 2535
 1354 1666 2240
 1355 1667 2268
 1475 1784 2267
 1476 1785 2365
 1411 1670 2306
 1530 1671 2307
 1529 1788 2424
 1592 1789 2425
 1314 1837 2357
 1422 1838 2358
 1421 1839 2359
 1540 1840 2360
 1481 1841 2417
 1482 1842 2525
 1577 1843 2419
 1578 1603 2527
 1368 1708 2295
 1369 1832 2296
 1491 1831 2412
 1492 1910 2413
 1427 1712 2348
 1545 1836 2472
 1544 1835 2471
 1597 1653 2550
 1325 1875 2405
 1438 1918 2518
 1437 1877 2407
 1553 1699 2520
 1497 1879 2546
 1498 1701 2547
 1585 1614 2548
 1328 1873 2279
 1329 1611 2392
 1444 1612 2281
 1445 1613 2394
 1380 1639 2283
 1504 1752 2396
 1503 1641 2285
 1586 1754 2398
 1298 1609 2325
 1391 1688 2449
 1390 1687 2448
 1514 1811 2541
 1450 1746 2329
 1451 1747 2453
 1561 1863 2452
 1562 1864 2544
 1342 1632 2439
 1343 1740 2440
 1460 1634 2441
 1461 1742 2442
 1396 1799 2443
 1519 1800 2444
 1518 1801 2445
 1591 1802 2446
 1309 1734 2490
 1407 1735 2491
 1406 1852 2552
 1527 1853 2553
 1466 1794 2494
 1467 1892 2495
 1569 1891 2555
 1414 1723 2247
 1415 1724 2310
 1532 1844 2309
 1533 1845 2428
 1474 1727 2363
 1572 1728 2364
 1571 1847 2484
 1599 1605 2485
 1362 1885 2420
 1485 1886 2421
 1484 1887 2422
 1580 1619 2423
 1538 1888 2478
 1539 1620 2551
 1596 1621 2480
 1430 1771 2351
 1431 1883 2352
 1547 1882 2474
 1548 1705 2475
 1490 1775 2411
 1583 1617 2523
 1582 1616 2522
 1377 1907 2467
 1501 1760 2549
 1500 1646 2469
 1552 1647 2558
 1383 1642 2331
 1384 1643 2455
 1506 1644 2333
 1507 1645 2457
 1443 1691 2335
 1556 1815 2459
 1555 1693 2337
 1598 1817 2461
 1336 1638 2387
 1454 1750 2505
 1453 1749 2504
 1564 1867 2557
 1512 1809 2391
 1513 1810 2509
 1590 1901 2508
 1399 1680 2496
 1400 1803 2497
 1521 1682 2498
 1522 1805 2499
 1459 1856 2500
 1567 1857 2501
 1566 1858 2502
 1351 1797 2532
 1470 1798 2533
 1469 1894 2559
 1526 1851 2536
 1477 1786 2269
 1478 1787 2367
 1574 1889 2366
 1575 1623 2487
 1531 1790 2426
 1594 1600 2427
 1593 1626 2529
 1423 1911 2481
 1542 1657 2482
 1541 1658 2483
 1579 1660 2526
 1493 1833 2414
 1494 1651 2415
 1584 1650 2524
 1546 1602 2473
 1439 1698 2519
 1446 1694 2393
 1447 1695 2510
 1558 1696 2395
 1559 1697 2512
 1505 1753 2397
 1588 1870 2513
 1587 1755 2399
 1392 1689 2450
 1516 1813 2543
 1515 1812 2542
 1563 1865 2454
 1462 1741 2537
 1463 1860 2538
 1568 1743 2539
 1520 1897 2540
 1408 1854 2554
 1534 1846 2311
 1535 1604 2430
 1595 1664 2429
 1573 1606 2486
 1486 1713 2528
 1549 1615 2476
 1508 1756 2456
 1509 1757 2545
 1589 1758 2458
 1557 1816 2460
 1455 1751 2506
 1523 1804 2556
 1576 1624 2368
 1560 1819 2511
 2155 1050 1722
 1954 1024 1870
 2048 1096 1769
 2199 1043 1837
 2202  971 1725
 2095 1000 1667
 2204  999 1784
 1936 1112 1785
 1963 1065 1897
 1995 1017 1864
 1998  965 1757
 2000  984 1817
 2001  983 1816
 2002 1081 1905
 2103 1089 1874
 2107  992 1772
 2109 1037 1708
 2110 1036 1830
 1920 1159 1831
 2227 1046 1718
 2149  995 1778
 2229 1104 1777
 1967 1105 1885
 2153  961 1670
 2230 1002 1669
 1970 1003 1788
 2156  970 1723
 1922 1052 1724
 1973 1051 1844
 1974 1175 1845
 2007 1058 1891
 2011  976 1804
 1933 1011 1858
 2014 1010 1857
 2015 1128 1916
 2051 1020 1867
 2053  979 1810
 2054 1073 1901
 2055 1074 1902
 2057  960 1697
 2058  986 1819
 2059  987 1820
 2060  964 1755
 2061 1026 1872
 2062 1025 1871
 2063 1144 1690
 2160 1092 1765
 2162 1032 1824
 2163 1151 1823
 1923 1152 1906
 2165  968 1711
 2166 1039 1710
 1924 1040 1834
 2167  991 1770
 1925 1098 1771
 1926 1097 1881
 1927 1216 1882
 2197  997 1663
 2238  996 1780
 2018 1108 1781
 2200 1044 1716
 1934 1045 1839
 2021 1167 1838
 2022 1168 1911
 2203  972 1629
 1935  973 1727
 2025 1054 1726
 2026 1055 1847
 1937 1001 1786
 1938 1114 1787
 2029 1113 1889
 2030 1230 1623
 2065 1061 1894
 1958 1006 1851
 2068 1120 1912
 2069 1121 1913
 1961  962 1743
 2072 1013 1860
 2073 1014 1861
 1964  975 1802
 1965 1067 1899
 2076 1066 1898
 2077 1190 1736
 2112  981 1813
 2113  980 1812
 2114 1077 1904
 2115 1018 1865
 2116 1019 1866
 2117 1136 1917
 2118 1137 1683
 2119  966 1758
 2120  967 1759
 2121 1028 1873
 2122 1029 1611
 2123  985 1818
 2124 1083 1640
 2125 1082 1639
 2126 1204 1752
 2206 1034 1704
 2207 1033 1826
 1939 1155 1827
 2208 1090 1763
 1940 1091 1876
 1941 1208 1875
 1942 1209 1918
 2209  993 1656
 1943  994 1774
 1944 1100 1773
 1945 1101 1884
 1946 1038 1832
 1947 1161 1833
 1948 1160 1910
 1949 1257 1650
 2228  969 1719
 1966 1048 1720
 2080 1047 1841
 2081 1171 1842
 1968 1106 1779
 1969 1107 1887
 2084 1223 1886
 2085 1224 1713
 1971 1004 1671
 1972 1005 1790
 2088 1116 1789
 2089 1117 1626
 1975 1053 1846
 1976 1177 1604
 2092 1176 1664
 2093 1265 1665
 2005 1008 1854
 2127 1007 1853
 2128 1124 1915
 2008 1059 1892
 2009 1060 1893
 2131 1182 1919
 2132 1183 1729
 2012  977 1805
 2013  978 1806
 2135 1069 1900
 2136 1070 1632
 2016 1012 1859
 2017 1130 1677
 2139 1129 1676
 2140 1241 1799
 2168  963 1751
 2169 1022 1869
 2170 1021 1868
 2171 1140 1686
 2172 1075 1903
 2173 1076 1635
 2174 1197 1744
 2175 1198 1745
 2176  988 1821
 2177  989 1601
 2178 1085 1642
 2179 1086 1643
 2180 1027 1610
 2181 1146 1692
 2182 1145 1691
 1928 1249 1815
 2231  990 1766
 1977 1094 1767
 1978 1093 1878
 1979 1212 1879
 1980 1153 1825
 1981 1154 1908
 1982 1250 1907
 1983 1251 1760
 1984 1041 1712
 1985 1042 1836
 1986 1163 1835
 1987 1164 1653
 1988 1099 1883
 1989 1218 1615
 1990 1217 1705
 1991 1276 1706
 2019  998 1782
 2020 1110 1783
 2142 1109 1888
 2143 1227 1620
 2023 1169 1840
 2024 1170 1658
 2146 1261 1657
 2147 1262 1776
 2027 1056 1728
 2028 1057 1606
 2150 1179 1605
 2151 1180 1668
 2031 1115 1624
 2032 1232 1625
 2154 1231 1721
 2066  974 1798
 2067 1063 1896
 2183 1062 1895
 2184 1186 1732
 2070 1122 1914
 2071 1123 1672
 2187 1234 1791
 2188 1235 1792
 2074 1015 1862
 2075 1016 1608
 2190 1132 1679
 2191 1133 1680
 2078 1068 1631
 2079 1192 1738
 2193 1191 1737
 1931 1270 1856
 2210  982 1814
 2211 1079 1637
 2212 1078 1636
 2213 1201 1748
 2214 1138 1684
 2215 1139 1685
 2216 1245 1807
 1950 1246 1808
 2217 1030 1612
 2218 1031 1613
 2219 1148 1694
 1951 1149 1695
 2220 1084 1641
 1952 1206 1754
 1953 1205 1753
 2033 1035 1828
 2034 1157 1829
 2035 1156 1909
 2036 1254 1647
 2037 1210 1877
 2038 1211 1699
 2039 1272 1698
 2040 1273 1822
 2041 1102 1775
 2042 1103 1617
 2043 1220 1616
 2044 1221 1709
 2045 1162 1651
 2046 1259 1652
 2047 1258 1768
 2082 1049 1843
 2083 1173 1603
 2194 1172 1660
 2195 1264 1661
 2086 1225 1619
 2087 1226 1715
 2198 1277 1714
 2090 1118 1600
 2091 1119 1628
 2201 1233 1627
 2094 1178 1666
 2129 1009 1855
 2130 1126 1674
 2221 1125 1673
 2222 1238 1795
 2133 1184 1730
 2134 1185 1731
 2224 1266 1848
 1956 1267 1849
 2137 1071 1633
 2138 1072 1634
 2225 1194 1740
 1959 1195 1741
 2141 1131 1678
 1921 1243 1801
 1962 1242 1800
 2232 1023 1609
 2233 1142 1688
 2234 1141 1687
 1992 1248 1811
 2235 1199 1746
 1993 1200 1747
 1994 1271 1863
 2236 1087 1644
 1996 1088 1645
 1997 1207 1756
 1999 1147 1693
 2096 1095 1880
 2097 1214 1614
 2098 1213 1701
 2099 1275 1702
 2100 1252 1646
 2101 1253 1762
 2102 1279 1761
 2104 1165 1602
 2105 1166 1655
 2106 1260 1654
 2108 1219 1707
 2144 1111 1621
 2145 1229 1622
 2226 1228 1717
 2148 1263 1659
 2152 1181 1607
 2185 1064 1630
 2186 1188 1734
 2237 1187 1733
 2003 1269 1852
 2189 1236 1793
 1929 1237 1794
 2006 1278 1890
 2192 1134 1681
 1930 1135 1682
 2010 1244 1803
 1932 1193 1739
 2239 1080 1638
 2049 1203 1750
 2050 1202 1749
 2052 1247 1809
 2056 1150 1696
 2157 1158 1648
 2158 1256 1649
 2159 1255 1764
 2161 1274 1700
 2164 1222 1618
 2196 1174 1662
 2223 1127 1675
 1955 1240 1797
 2064 1239 1796
 1957 1268 1850
 1960 1196 1742
 2111 1143 1689
 2205 1215 1703
 2004 1189 1735
  957 1524 1239
  701 1433 1091
  933 1561 1248
  858 1518 1135
  908 1406 1267
  943 1466 1189
  942 1465 1269
  784 1569 1007
  743 1480 1106
  647 1543 1159
  754 1436 1094
  662 1373 1152
  757 1495 1153
  758 1496 1154
  956 1555 1150
  936 1453 1271
  953 1512 1203
  954 1511 1202
  712 1590 1020
  861 1521 1193
  911 1459 1195
  912 1565 1196
  650 1566  962
  854 1351 1237
  944 1468 1278
  676 1469 1058
  906 1404 1240
  724 1526  974
  723 1525 1061
  847 1344 1062
  749 1570 1051
  802 1483  998
  804 1419 1167
  689 1536 1045
  806 1537 1169
  665 1429 1040
  667 1489 1098
  668 1488 1097
  669 1581 1216
  699 1376 1155
  816 1375 1035
  817 1499 1157
  702 1434 1208
  703 1435 1209
  820 1550 1210
  821 1551 1211
  901 1558 1206
  939 1505 1207
  938 1586 1088
  776 1587  966
  955 1392 1247
  895 1514 1246
  714 1515 1073
  959 1451 1143
  769 1563  981
  770 1562  980
  771 1385 1077
  913 1462 1242
  799 1461 1243
  652 1568  975
  945 1519 1244
  679 1520  976
  680 1591  977
  681 1337  978
  909 1407 1268
  649 1408 1006
  726 1527 1120
  727 1285 1121
  675 1467 1008
  786 1304 1009
  785 1303 1124
  903 1401 1125
  808 1476 1054
  695 1530 1001
  694 1529 1112
  812 1592 1113
  862 1422 1047
  740 1421 1048
  864 1540 1049
  742 1481 1105
  866 1482 1223
  744 1577 1107
  868 1578 1225
  705 1369  994
  706 1491 1100
  707 1492 1101
  708 1427 1038
  709 1545 1161
  710 1544 1160
  711 1597 1257
  755 1325 1093
  756 1438 1212
  877 1437 1095
  878 1553 1214
  759 1497 1250
  760 1498 1251
  881 1585 1252
  882 1319 1253
  846 1508 1249
  940 1507 1147
  672 1589  984
  899 1556 1149
  717 1557  986
  716 1598  960
  839 1378  988
  935 1454 1200
  772 1455 1018
  670 1564 1017
  774 1296 1136
  831 1513  963
  832 1331 1022
  833 1330 1021
  834 1448 1140
  860 1400 1270
  682 1523 1010
  641 1522 1011
  684 1340 1012
  730 1567 1013
  731 1299 1014
  732 1393 1015
  733 1394 1016
  677 1470 1059
  678 1280 1060
  788 1306 1182
  789 1307 1183
  725 1284 1063
  849 1346 1064
  848 1345 1186
  941 1464 1187
  747 1415 1004
  746 1532 1003
  870 1533 1116
  658 1474 1052
  751 1572 1053
  750 1571 1175
  874 1599 1176
  801 1362 1108
  914 1485 1109
  803 1484 1110
  916 1580 1111
  805 1538 1168
  918 1539 1261
  807 1596 1170
  920 1356 1263
  761 1430 1041
  762 1431 1042
  763 1547 1163
  764 1548 1164
  765 1490 1099
  766 1583 1218
  767 1582 1217
  768 1424 1276
  818 1377 1156
  819 1501 1254
  925 1500 1158
  926 1322 1256
  822 1552 1272
  823 1290 1273
  928 1370 1274
  660 1371 1032
  902 1447 1205
  648 1560 1024
  719 1559  964
  720 1381 1026
  671 1588  965
  778 1326 1028
  777 1440  967
  896 1441 1030
  713 1516  979
  835 1282 1075
  715 1333 1074
  837 1334 1197
  888 1295  982
  889 1387 1079
  890 1386 1078
  891 1510 1201
  651 1463 1065
  734 1301 1066
  653 1300 1067
  736 1397 1068
  792 1338 1069
  793 1339 1070
  794 1456 1071
  795 1457 1072
  728 1286 1122
  729 1287 1123
  851 1348 1234
  852 1349 1235
  787 1305 1126
  905 1403 1127
  904 1402 1238
  692 1477  973
  810 1478 1056
  809 1574 1055
  921 1575 1179
  696 1531 1114
  814 1594 1115
  813 1593 1230
  924 1471 1231
  863 1423 1171
  946 1542 1172
  865 1541 1173
  948 1359 1174
  867 1579 1224
  949 1311 1277
  869 1416 1226
  688 1417 1044
  824 1493 1102
  825 1494 1103
  826 1584 1220
  827 1316 1221
  828 1546 1162
  829 1364 1259
  830 1363 1258
  640 1487 1096
  879 1439 1213
  880 1292 1275
  951 1291 1215
  697 1374 1034
  883 1320 1279
  643 1321 1089
  700 1432 1090
  673 1509  983
  674 1328 1081
  780 1327  985
  781 1444 1083
  718 1379  987
  841 1380 1085
  840 1502  989
  937 1503 1087
  773 1297 1019
  892 1298 1138
  775 1389 1137
  894 1390 1245
  930 1332 1023
  931 1450 1142
  932 1449 1141
  683 1283 1128
  796 1342 1129
  685 1341 1130
  798 1460 1131
  855 1395 1132
  856 1396 1133
  857 1517 1134
  790 1308 1184
  791 1309 1185
  907 1405 1266
  850 1347 1188
  748 1534 1005
  872 1535 1118
  871 1595 1117
  950 1353 1233
  752 1573 1177
  876 1410 1178
  875 1409 1265
  693 1528  999
  915 1486 1227
  958 1313 1228
  917 1312 1229
  739 1420  969
  919 1357 1262
  741 1358 1104
  654 1479  995
  884 1549 1165
  885 1289 1166
  886 1366 1260
  644 1367  992
  887 1315 1219
  645 1426 1037
  646 1425 1036
  927 1281 1255
  659 1324 1092
  753 1323  990
  661 1372 1151
  721 1294 1025
  722 1383 1144
  843 1382 1027
  844 1506 1146
  779 1442 1029
  898 1443 1148
  897 1554 1031
  836 1335 1076
  934 1336 1199
  838 1452 1198
  952 1388 1080
  735 1302 1190
  859 1399 1191
  737 1398 1192
  910 1458 1194
  853 1350 1236
  811 1576 1057
  923 1310 1181
  922 1412 1180
  745 1413 1002
  815 1352 1232
  657 1473  970
  656 1472 1050
  947 1288 1264
  800 1361  996
  686 1360  997
  687 1418 1043
  929 1317 1222
  663 1318  968
  664 1428 1039
  666 1365  991
  698 1293 1033
  782 1329 1082
  783 1446 1204
  900 1445 1084
  842 1504 1086
  893 1391 1139
  797 1343 1241
  873 1354 1119
  691 1355  972
  690 1475  971
  642 1411 1000
  738 1314 1046
  704 1368  993
  845 1384 1145
  655 1414  961
 1298 2250  450
 1541 2244  367
 1307 2271  355
 1329 2324  396
 1332 2252  350
 1334 2279  511
 1335 2280  392
 1336 2281  513
 1439 2255  380
 1575 2298  322
 1578 2246  418
 1486 2263  334
 1580 2264  421
 1312 2265  422
 1341 2370  410
 1345 2273  357
 1287 2316  403
 1348 2317  404
 1349 2318  405
 1380 2249  399
 1382 2384  351
 1383 2275  456
 1384 2386  457
 1386 2282  393
 1387 2241  394
 1388 2284  395
 1389 2330  449
 1390 2331  568
 1391 2332  451
 1392 2333  570
 1494 2339  326
 1498 2257  433
 1500 2290  341
 1501 2291  340
 1281 2292  437
 1593 2243  335
 1535 2353  336
 1595 2259  337
 1353 2355  338
 1539 2266  366
 1596 2240  480
 1356 2268  481
 1542 2304  368
 1288 2305  369
 1359 2306  484
 1360 2307  485
 1394 2270  331
 1302 2431  360
 1397 2312  359
 1398 2433  472
 1305 2319  406
 1401 2248  329
 1402 2321  408
 1308 2376  464
 1309 2377  465
 1405 2378  466
 1406 2379  467
 1441 2276  353
 1442 2277  352
 1443 2278  460
 1444 2323  397
 1445 2447  398
 1446 2325  519
 1447 2449  520
 1448 2251  452
 1449 2334  453
 1450 2253  454
 1451 2336  455
 1452 2392  512
 1453 2393  610
 1454 2394  514
 1455 2395  612
 1546 2254  344
 1548 2400  346
 1549 2286  320
 1289 2402  348
 1551 2293  378
 1552 2242  377
 1290 2295  496
 1553 2345  323
 1291 2346  382
 1292 2347  381
 1293 2348  500
 1573 2260  370
 1599 2261  371
 1409 2262  372
 1576 2297  373
 1310 2416  374
 1412 2299  375
 1413 2418  376
 1579 2245  419
 1311 2308  420
 1416 2247  542
 1417 2310  543
 1313 2361  423
 1314 2362  424
 1420 2363  546
 1421 2364  547
 1339 2313  321
 1456 2314  362
 1457 2315  363
 1342 2369  330
 1343 2488  412
 1460 2371  411
 1461 2490  535
 1346 2272  356
 1347 2380  468
 1464 2274  358
 1465 2382  470
 1350 2439  527
 1351 2440  528
 1468 2441  529
 1469 2442  530
 1502 2326  328
 1503 2327  401
 1504 2328  400
 1505 2329  523
 1506 2385  458
 1507 2503  459
 1508 2387  576
 1509 2505  577
 1510 2283  515
 1511 2396  516
 1512 2285  517
 1513 2398  518
 1514 2455  569
 1515 2456  632
 1516 2457  571
 1282 2458  634
 1582 2287  384
 1583 2288  324
 1315 2289  386
 1584 2338  325
 1316 2462  388
 1317 2340  327
 1318 2464  390
 1585 2256  339
 1319 2349  435
 1320 2258  434
 1321 2351  557
 1322 2408  342
 1323 2409  439
 1324 2410  438
 1325 2411  561
 1594 2300  425
 1352 2301  426
 1471 2302  427
 1472 2303  428
 1354 2354  429
 1355 2477  430
 1475 2356  431
 1476 2479  432
 1357 2267  482
 1358 2365  483
 1479 2269  594
 1480 2367  595
 1361 2424  486
 1362 2425  487
 1483 2426  598
 1484 2427  599
 1395 2372  332
 1396 2373  333
 1517 2374  414
 1518 2375  415
 1399 2432  361
 1400 2530  474
 1521 2434  473
 1522 2532  590
 1403 2320  407
 1404 2443  531
 1524 2322  409
 1525 2445  533
 1407 2496  583
 1408 2497  584
 1527 2498  585
 1285 2499  586
 1554 2388  354
 1555 2389  462
 1556 2390  461
 1557 2391  580
 1558 2448  521
 1559 2541  522
 1560 2450  617
 1294 2543  618
 1561 2335  572
 1562 2459  573
 1563 2337  574
 1295 2461  575
 1564 2510  611
 1296 2511  639
 1297 2512  613
 1597 2341  343
 1363 2342  441
 1364 2343  345
 1365 2344  443
 1366 2401  347
 1367 2514  445
 1368 2403  349
 1369 2516  447
 1370 2294  379
 1371 2412  498
 1372 2296  497
 1373 2414  605
 1374 2470  383
 1375 2471  502
 1376 2472  501
 1377 2473  608
 1410 2357  488
 1411 2358  489
 1528 2359  490
 1529 2360  491
 1414 2417  492
 1415 2525  493
 1532 2419  494
 1533 2527  495
 1418 2309  544
 1419 2428  545
 1536 2311  626
 1537 2430  627
 1422 2484  548
 1423 2485  549
 1540 2486  629
 1458 2435  364
 1459 2436  365
 1565 2437  476
 1566 2438  477
 1462 2489  413
 1463 2552  537
 1568 2491  536
 1300 2554  625
 1466 2381  469
 1467 2500  587
 1569 2383  471
 1303 2502  589
 1470 2537  621
 1280 2538  622
 1306 2539  623
 1586 2451  402
 1587 2452  525
 1588 2453  524
 1326 2454  620
 1589 2504  578
 1327 2557  579
 1328 2506  636
 1590 2397  614
 1330 2513  615
 1331 2399  616
 1333 2545  633
 1424 2404  385
 1425 2405  504
 1426 2406  387
 1427 2407  506
 1428 2463  389
 1429 2546  508
 1430 2465  391
 1431 2548  510
 1432 2350  436
 1433 2474  559
 1434 2352  558
 1435 2476  631
 1436 2521  440
 1437 2522  563
 1438 2523  562
 1473 2420  550
 1474 2421  551
 1570 2422  552
 1571 2423  553
 1477 2478  554
 1478 2551  555
 1574 2480  556
 1481 2366  596
 1482 2487  597
 1577 2368  638
 1485 2529  600
 1519 2492  416
 1520 2493  417
 1591 2494  539
 1337 2495  540
 1523 2531  475
 1283 2559  592
 1340 2533  591
 1526 2444  532
 1284 2540  624
 1344 2446  534
 1286 2556  637
 1598 2507  463
 1378 2508  582
 1379 2509  581
 1381 2542  619
 1385 2460  635
 1487 2466  442
 1488 2467  564
 1489 2468  444
 1490 2469  566
 1491 2515  446
 1492 2558  567
 1493 2517  448
 1495 2413  499
 1496 2524  607
 1497 2415  606
 1499 2550  503
 1530 2481  601
 1531 2482  602
 1592 2483  603
 1534 2526  604
 1538 2429  628
 1567 2534  478
 1299 2535  479
 1393 2536  593
 1301 2553  538
 1304 2501  588
 1440 2544  526
 1543 2518  505
 1544 2519  609
 1545 2520  507
 1547 2547  509
 1550 2475  560
 1572 2528  630
 1338 2555  541
 1581 2549  565
 1960  519 1120
 1944  603 1034
 1997  412 1017
 1955  512  975
 1921  400 1007
 2010  458 1059
 1930  457 1058
 2012  576 1182
 1971  609  969
 1939  597 1039
 1920  495 1090
 1984  630 1092
 1924  553  990
 1986  371 1094
 1992  405  984
 1928  333 1020
 2056  472  979
 1951  361 1073
 2058  474 1074
 1957  515  977
 2003  451 1010
 2004  568 1011
 2005  569 1012
 1931  354  974
 1932  460 1061
 1933  461 1062
 1959  398 1006
 2072  521 1122
 1961  520 1121
 2074  617 1234
 1966  606  971
 1922  509  995
 2025  566  996
 1935  565  997
 2027  384  998
 1941  600 1096
 1977  627  993
 1978  628  992
 1979  366 1100
 1925  555 1151
 1926  556 1032
 1927  322 1153
 1943  602 1033
 2041  425 1155
 1945  335 1035
 2043  427 1157
 1994  408  960
 2049  465 1024
 2050  466  964
 2051  467 1026
 1952  363  981
 1953  364  980
 1954  365 1077
 1996  411 1018
 2119  535 1019
 1998  413 1136
 2121  537 1137
 2006  454 1013
 1929  453  962
 2008  572 1015
 2064  513 1065
 2065  514 1066
 2066  610 1067
 2067  611 1068
 1962  401 1008
 1963  402 1009
 1964  523 1124
 1965  524 1125
 2011  459 1060
 2135  578 1184
 2013  577 1183
 2137  636 1266
 1968  608  999
 2018  560  961
 2019  631 1002
 2020  377 1003
 1936  448 1043
 1937  567 1044
 1938  325 1045
 1970  507 1046
 2088  344 1047
 1972  343 1048
 2090  441 1049
 1980  629 1037
 1923  549 1036
 1982  368 1159
 2033  638  968
 2034  418 1041
 2035  419 1040
 2036  420 1163
 1946  604 1089
 1947  336 1208
 1948  337 1091
 1949  338 1210
 1985  370 1093
 2104  488 1212
 1987  372 1095
 2106  490 1214
 2052  468  965
 1950  358  966
 2054  470  967
 2111  527  983
 2112  528 1081
 2113  529  985
 2114  530 1083
 1999  414  963
 2000  415 1022
 2001  416 1021
 2002  417 1140
 2057  473 1075
 2176  590 1076
 2059  475 1197
 2178  592 1198
 1956  395  976
 2068  517 1069
 1958  516  978
 2070  614 1071
 2127  570 1128
 2128  571 1129
 2129  632 1130
 2130  633 1131
 2014  462 1063
 2015  463 1064
 2016  580 1186
 2017  581 1187
 2073  522 1123
 2190  619 1236
 2075  618 1235
 2192  456 1278
 2021  563  970
 1934  562 1050
 2023  380 1051
 2080  607  972
 2081  339  973
 2082  433 1054
 2083  434 1055
 1973  510 1104
 1974  320 1105
 1975  346 1106
 1976  347 1107
 2026  324 1108
 2150  386 1109
 2028  385 1110
 2152  504 1111
 1940  599  991
 2037  421 1098
 1942  334 1097
 2039  423 1216
 2096  480  994
 2097  481 1102
 2098  482 1101
 2099  483 1220
 1988  373 1152
 1989  374 1250
 1990  375 1154
 1991  376 1252
 2042  426 1156
 2164  550 1254
 2044  428 1158
 2166  552 1256
 1993  407  986
 2115  531  987
 1995  409  988
 2117  533  989
 2168  583 1025
 2169  584 1144
 2170  585 1027
 2171  586 1146
 2060  476  982
 2061  477 1079
 2062  478 1078
 2063  479 1201
 2120  536 1138
 2217  625 1139
 2122  538 1245
 2219  360 1246
 2007  455 1014
 2131  574 1132
 2009  573 1016
 2133  635 1134
 2183  612 1190
 2184  613 1191
 2185  639 1192
 2186  449 1193
 2076  525 1126
 2077  526 1127
 2078  620 1238
 2079  352 1239
 2136  579 1185
 2225  397 1268
 2138  396 1267
 1967  503 1000
 2084  341 1001
 1969  340 1112
 2086  437 1113
 2142  378 1004
 2143  379 1005
 2144  496 1116
 2145  497 1117
 2029  326 1167
 2030  327 1168
 2031  388 1169
 2032  389 1170
 2089  345 1171
 2201  443 1172
 2091  442 1173
 2203  564 1174
 1981  367 1038
 2100  484 1161
 1983  369 1160
 2102  486 1257
 2157  542 1042
 2158  543 1165
 2159  544 1164
 2160  545 1260
 2045  429 1209
 2046  430 1272
 2047  431 1211
 2048  432 1274
 2105  489 1213
 2209  601 1275
 2107  491 1215
 2053  469 1028
 2172  587 1029
 2055  471 1030
 2174  589 1031
 2210  621 1082
 2211  622 1204
 2212  623 1084
 2213  355 1206
 2123  539 1023
 2124  540 1142
 2125  541 1141
 2126  321 1248
 2177  591 1199
 2236  410 1200
 2179  330 1271
 2069  518 1070
 2187  616 1194
 2071  615 1072
 2189  452 1196
 2221  634 1241
 2222  392 1242
 2223  511 1243
 2139  582 1188
 2140  328 1189
 2141  399 1269
 2191  351 1237
 2022  323 1052
 2146  382 1053
 2024  381 1175
 2148  500 1176
 2194  435 1056
 2195  436 1057
 2196  557 1179
 2197  558 1180
 2092  348 1223
 2093  349 1224
 2094  445 1225
 2095  446 1226
 2151  387 1227
 2230  506 1228
 2153  505 1229
 2038  422 1099
 2161  546 1218
 2040  424 1217
 2163  548 1276
 2205  594 1103
 2206  595 1222
 2207  596 1221
 2108  492 1251
 2109  493 1279
 2110  494 1253
 2165  551 1255
 2116  532 1085
 2214  624 1086
 2118  534 1087
 2216  357 1088
 2232  637 1145
 2233  403 1249
 2234  404 1147
 2180  593 1080
 2181  331 1203
 2182  332 1202
 2218  359 1247
 2132  575 1133
 2224  394 1244
 2134  393 1135
 2237  450 1270
 2193  353 1240
 2085  342 1114
 2198  439 1115
 2087  438 1230
 2200  561 1231
 2226  498 1118
 2227  499 1119
 2228  605 1233
 2154  390 1261
 2155  391 1262
 2156  508 1263
 2202  444 1264
 2101  485 1162
 2208  598 1259
 2103  487 1258
 2231  626 1166
 2167  554 1273
 2173  588 1148
 2235  406 1149
 2175  329 1150
 2239  464 1205
 2220  362 1143
 2188  350 1195
 2147  383 1177
 2229  502 1178
 2149  501 1265
 2238  559 1181
 2204  447 1277
 2162  547 1219
 2215  356 1207
 2199  440 1232