  116  111   75  102   57    5   66    3   93   84
   74   56    6  110    2  103  122   92   85   67
    7   64   95   59    5   73    1   86  109  100
   58    0   65   87   94    6  101  108   72    4
   70   89  114   61  107   98    7   80   79    3
    0   99   60  112   78  106   81    2   88   71
   68    3   82    1   96   91  115   63  105   77
    4   62  118    2   97  104   76   90   83   69
   15   58   83   11  109   89   78   68  116  103
   10   82  122   69  102  108   79   88   59   12
   70   13   56   81  111   15  101    9   76   91
   14   80    8  100   57   90   12   77   71  110
   62   64   11   93   99   74  114  105   87    9
   14   63   75   86   98   92  104  112   10   65
   60   85  107   11   95   13   97   72  115   66
   67   84    8   73   10  118   96  106   94   61
   70   23  106   19   59   87  116   92   77   97
   93   76   86   20   18  122   71  107   58   96
   85   94   21  104   68   17   57   23   79   99
   98   78   22   16   95   84   20   69   56  105
   17   19   88   73   83   66  110  101   63  114
   22   67   18  112   89   82   72   62  100  111
  108   81   75   19  115   61  103   21   90   64
  109   91   16   65   74  118   60   80   18  102
   29   86   79   60   27  101  105   90   67  116
   61  122   26   66   91  100  104   30   87   78
   25   31   77   84   29   65   62  107  103   88
   76  102   89  106   30   63   85   28   24   64
   97   82  114   27   75   56   31   94  109   71
   83   26   70   24   57   96   95  112  108   74
   69   99   80  115   25  111   27   92   73   58
   26   98   72   28   81  110   59  118   68   93
   82   37   35  110   95  116   76   65   99   61
   38   94  122   60  111   64   83   77   98   34
   93   39   80   37  108   67   33   78   97   63
   38   66   36  109   79   32   62   92   81   96
  114   69   57   86  103   91   39   35   72  106
   90   32   34   73  102   87  112   56  107   68
   89   84   71  101   74   33   35   59  104  115
   34  100   70   75  105   36   88   58   85  118
  108   62   85  116   98   45   73   71   43   91
   46   72   99  122   42   70   84   63   90  109
  110   96   47   41   45   87   75   89   60   69
   97   74   88   40   86   44   68   61   46  111
   47   77  114   67  102  104   81   95   58   43
   94  112   59   66   76  103   80   42  105   40
  106  100   93   65   56   41   43  115   79   83
  118   82   42   57   64   44   92  101   78  107
   69   63   55   81  116   94   51  107  100   74
  122   62   68  101   80   95  106   75   50   52
   71   72   83   49   55  105  102   92   61   53
   73   82   60  103   48   93   54   52  104   70
   51  114  111   65   78   96   59   85   49   90
   50  110  112   97   54   58   64   79   91   84
   87  115   51   67   98   53   76   57   88  109
   48   99  108  118   86   89   66   56   50   77
   37   28    1   60  121   19   57   46   55   10
   29    0  123   56   18   36   47   11   54   59
   39   53    8   44   17    3   62   59   30   60
   58   16   31    9   38   52   45    2   61   57
    5   14   42   24   23   33   51  120   56   58
   43  119   59   22   15   25    4   63   50   32
   63   40    7   49   35   12   26   21   58  113
   41   27   62    6  117   13   61   48   20   34
   47   65   66   53   22   12   33  121    2   27
   52   23    3   26   46  123   64   32   13   67
   55   64   45   25   68   20    0   35   70   14
   21   24   34   69    1   15   71   54   44   65
   69   43    6   49   31    8  120   18   66   37
   68    7   19   30   67   48    9   36  119   42
   66   41   16   71    4   51   10   29  113   39
   11   70   40   17   38   28   67   50  117    5
   31   21   73   50   36   41   74    3   14  121
   40  123   20   75    2   15   72   37   51   30
   43   29   23   78    1   72   48   12   38   76
   77   73   39   28   79   22   13   42    0   49
   10  120   54    7   32   45   77   27   17   74
   11   26    6   55   76   33   44   75   16  119
   34  113   47   25   79    8   19   52    5   74
  117    4   46   53    9   35   78   18   24   75
   30   34   49   11   45  121   23    4   84   82
   87   31    5   83   22   35   44   48   10  123
   83   28   51   21   32    9   47    6   86   80
   46   29    8   20   82   50   85   81    7   33
   19   26    0   80   15   38   85   41  120   53
   83  119   27   39   14   52   84    1   40   18
   43   87   36   13   82   24   55  113   17    2
   16   42   25  117   12    3   37   81   86   54
   54   20   92   39    9   89   43  121    5   26
   88   27   21   42    8    4   55   91   38  123
   37   22   41    7   91   11   94   24   92   52
    6   25   89   53   90   93   36   10   23   40
   47   90    1   13   88  120   16   35   50   30
    0   17   91  119   34   51   95   46   12   31
   90   45   95   28   15   18   48    3   33  113
   93   94  117    2   14   44   19   49   29   32
   97   98    6   52   29  121   42   17   15   35
  123   53  103   96   34   28   14    7   43   16
   40  102   54   99   19   96    4   13   31   33
  101    5   32   41   55  103   12   30   98   18
   25  120   46  101  102   48   39   21   11    2
   38   24   49   10   99    3  119   20   47  100
   37  100    9   23   27   98  113   50   44    0
   97   36    1   26   22   51   99  117    8   45
   38   13  121  110   51   25   18  105   44    7
   24   12    6  123  104   50   45  107   39   19
    5   15   27  108  107   16   49  110   46   36
    4   14   17   48  106  105   37  111   26   47
   22  106   55   34  120   40   29  109    9    3
   23   41   35  108   28  111    8  119    2   54
   53  106   20   31   11  104   32  113    1   42
   52   10  109   33   30   43    0  117  107   21
   13   29    5  122  119   37   21   45   53  118
   94  110  119  123   70  102   86  115   78   62
   44   28   20   52  116  115  120   12    4   36
   54  118   46    6  113   30   14  114   22   38
   48   24    8   32   16    0  114  122  121   40
   79  103  118   87   95  120   63  121  111   71
  117   47   55   23  115    7   15  112   31   39
  109   85  113  112   69  101   93  121   61   77
  117  100  123   76  114  108   84   92   60   68
   88  119  116   64  104   96   56  117   80   72
    1   41   33   17   25  112  123    9   49  116
   73  120  113  105  122   81   65   57   97   89