  148   85  155   61  115  139  171   60  124   98  174   29
  164   76  171   81  110  133  158   80  118   93  199   36
  151   67  158   72  105  127  145   71  141   88  195   43
  167   58  145   63  100  121  161   62  135  112  191   50
  154   78  161   83   95  144  148   82  129  107  187   57
  170   69  148   74   90  138  164   73  123  102  183   35
  157   60  164   65  114  132  151   64  117   97  179   42
  173   80  151   85  109  126  167   84  140   92  175   49
  160   71  167   76  104  120  154   75  134   87  200   56
  147   62  154   67   99  143  170   66  128  111  196   34
  163   82  170   58   94  137  157   86  122  106  192   41
  150   73  157   78   89  131  173   77  116  101  188   48
  166   64  173   69  113  125  160   68  139   96  184   55
  153   84  160   60  108  119  147   59  133   91  180   33
  169   75  147   80  103  142  163   79  127  115  176   40
  156   66  163   71   98  136  150   70  121  110  201   47
  172   86  150   62   93  130  166   61  144  105  197   54
  159   77  166   82   88  124  153   81  138  100  193   32
  146   68  153   73  112  118  169   72  132   95  189   39
  162   59  169   64  107  141  156   63  126   90  185   46
  149   79  156   84  102  135  172   83  120  114  181   53
  165   70  172   75   97  129  159   74  143  109  177   31
  152   61  159   66   92  123  146   65  137  104  202   38
  168   81  146   86   87  117  162   85  131   99  198   45
  155   72  162   77  111  140  149   76  125   94  194   52
  171   63  149   68  106  134  165   67  119   89  190   30
  158   83  165   59  101  128  152   58  142  113  186   37
  145   74  152   79   96  122  168   78  136  108  182   44
  161   65  168   70   91  116  155   69  130  103  178   51
  177  114  184   90  144  168  200   89  153  127    0   58
  193  105  200  110  139  162  187  109  147  122   25   65
  180   96  187  101  134  156  174  100  170  117   21   72
  196   87  174   92  129  150  190   91  164  141   17   79
  183  107  190  112  124  173  177  111  158  136   13   86
  199   98  177  103  119  167  193  102  152  131    9   64
  186   89  193   94  143  161  180   93  146  126    5   71
  202  109  180  114  138  155  196  113  169  121    1   78
  189  100  196  105  133  149  183  104  163  116   26   85
  176   91  183   96  128  172  199   95  157  140   22   63
  192  111  199   87  123  166  186  115  151  135   18   70
  179  102  186  107  118  160  202  106  145  130   14   77
  195   93  202   98  142  154  189   97  168  125   10   84
  182  113  189   89  137  148  176   88  162  120    6   62
  198  104  176  109  132  171  192  108  156  144    2   69
  185   95  192  100  127  165  179   99  150  139   27   76
  201  115  179   91  122  159  195   90  173  134   23   83
  188  106  195  111  117  153  182  110  167  129   19   61
  175   97  182  102  141  147  198  101  161  124   15   68
  191   88  198   93  136  170  185   92  155  119   11   75
  178  108  185  113  131  164  201  112  149  143    7   82
  194   99  201  104  126  158  188  103  172  138    3   60
  181   90  188   95  121  152  175   94  166  133   28   67
  197  110  175  115  116  146  191  114  160  128   24   74
  184  101  191  106  140  169  178  105  154  123   20   81
  200   92  178   97  135  163  194   96  148  118   16   59
  187  112  194   88  130  157  181   87  171  142   12   66
  174  103  181  108  125  151  197  107  165  137    8   73
  190   94  197   99  120  145  184   98  159  132    4   80
  143    3  119   10  173  197   26  118  182  156   29   87
  134   19  139   26  168  191   13  138  176  151   54   94
  125    6  130   13  163  185    0  129  199  146   50  101
  116   22  121    0  158  179   16  120  193  170   46  108
  136    9  141   16  153  202    3  140  187  165   42  115
  127   25  132    3  148  196   19  131  181  160   38   93
  118   12  123   19  172  190    6  122  175  155   34  100
  138   28  143    6  167  184   22  142  198  150   30  107
  129   15  134   22  162  178    9  133  192  145   55  114
  120    2  125    9  157  201   25  124  186  169   51   92
  140   18  116   25  152  195   12  144  180  164   47   99
  131    5  136   12  147  189   28  135  174  159   43  106
  122   21  127   28  171  183   15  126  197  154   39  113
  142    8  118   15  166  177    2  117  191  149   35   91
  133   24  138    2  161  200   18  137  185  173   31   98
  124   11  129   18  156  194    5  128  179  168   56  105
  144   27  120    5  151  188   21  119  202  163   52  112
  135   14  140   21  146  182    8  139  196  158   48   90
  126    1  131    8  170  176   24  130  190  153   44   97
  117   17  122   24  165  199   11  121  184  148   40  104
  137    4  142   11  160  193   27  141  178  172   36  111
  128   20  133   27  155  187   14  132  201  167   32   89
  119    7  124   14  150  181    1  123  195  162   57   96
  139   23  144    1  145  175   17  143  189  157   53  103
  130   10  135   17  169  198    4  134  183  152   49  110
  121   26  126    4  164  192   20  125  177  147   45   88
  141   13  117   20  159  186    7  116  200  171   41   95
  132    0  137    7  154  180   23  136  194  166   37  102
  123   16  128   23  149  174   10  127  188  161   33  109
  172   32  148   39   23  202   55  147    8  185   58  116
  163   48  168   55   17  197   42  167    2  180   83  123
  154   35  159   42   11  192   29  158   25  175   79  130
  145   51  150   29    5  187   45  149   19  199   75  137
  165   38  170   45   28  182   32  169   13  194   71  144
  156   54  161   32   22  177   48  160    7  189   67  122
  147   41  152   48   16  201   35  151    1  184   63  129
  167   57  172   35   10  196   51  171   24  179   59  136
  158   44  163   51    4  191   38  162   18  174   84  143
  149   31  154   38   27  186   54  153   12  198   80  121
  169   47  145   54   21  181   41  173    6  193   76  128
  160   34  165   41   15  176   57  164    0  188   72  135
  151   50  156   57    9  200   44  155   23  183   68  142
  171   37  147   44    3  195   31  146   17  178   64  120
  162   53  167   31   26  190   47  166   11  202   60  127
  153   40  158   47   20  185   34  157    5  197   85  134
  173   56  149   34   14  180   50  148   28  192   81  141
  164   43  169   50    8  175   37  168   22  187   77  119
  155   30  160   37    2  199   53  159   16  182   73  126
  146   46  151   53   25  194   40  150   10  177   69  133
  166   33  171   40   19  189   56  170    4  201   65  140
  157   49  162   56   13  184   43  161   27  196   61  118
  148   36  153   43    7  179   30  152   21  191   86  125
  168   52  173   30    1  174   46  172   15  186   82  132
  159   39  164   46   24  198   33  163    9  181   78  139
  150   55  155   33   18  193   49  154    3  176   74  117
  170   42  146   49   12  188   36  145   26  200   70  124
  161   29  166   36    6  183   52  165   20  195   66  131
  152   45  157   52    0  178   39  156   14  190   62  138
  201   61  177   68   52   28   84  176   11   37   87  145
  192   77  197   84   46   23   71  196    6   31  112  152
  183   64  188   71   40   18   58  187    1   54  108  159
  174   80  179   58   34   13   74  178   25   48  104  166
  194   67  199   74   57    8   61  198   20   42  100  173
  185   83  190   61   51    3   77  189   15   36   96  151
  176   70  181   77   45   27   64  180   10   30   92  158
  196   86  201   64   39   22   80  200    5   53   88  165
  187   73  192   80   33   17   67  191    0   47  113  172
  178   60  183   67   56   12   83  182   24   41  109  150
  198   76  174   83   50    7   70  202   19   35  105  157
  189   63  194   70   44    2   86  193   14   29  101  164
  180   79  185   86   38   26   73  184    9   52   97  171
  200   66  176   73   32   21   60  175    4   46   93  149
  191   82  196   60   55   16   76  195   28   40   89  156
  182   69  187   76   49   11   63  186   23   34  114  163
  202   85  178   63   43    6   79  177   18   57  110  170
  193   72  198   79   37    1   66  197   13   51  106  148
  184   59  189   66   31   25   82  188    8   45  102  155
  175   75  180   82   54   20   69  179    3   39   98  162
  195   62  200   69   48   15   85  199   27   33   94  169
  186   78  191   85   42   10   72  190   22   56   90  147
  177   65  182   72   36    5   59  181   17   50  115  154
  197   81  202   59   30    0   75  201   12   44  111  161
  188   68  193   75   53   24   62  192    7   38  107  168
  179   84  184   62   47   19   78  183    2   32  103  146
  199   71  175   78   41   14   65  174   26   55   99  153
  190   58  195   65   35    9   81  194   21   49   95  160
  181   74  186   81   29    4   68  185   16   43   91  167
   27   90    3   97   81   57    2  113   40   66  116  174
   18  106   23  113   75   52   22  100   35   60  141  181
    9   93   14  100   69   47   13   87   30   83  137  188
    0  109    5   87   63   42    4  103   54   77  133  195
   20   96   25  103   86   37   24   90   49   71  129  202
   11  112   16   90   80   32   15  106   44   65  125  180
    2   99    7  106   74   56    6   93   39   59  121  187
   22  115   27   93   68   51   26  109   34   82  117  194
   13  102   18  109   62   46   17   96   29   76  142  201
    4   89    9   96   85   41    8  112   53   70  138  179
   24  105    0  112   79   36   28   99   48   64  134  186
   15   92   20   99   73   31   19  115   43   58  130  193
    6  108   11  115   67   55   10  102   38   81  126  200
   26   95    2  102   61   50    1   89   33   75  122  178
   17  111   22   89   84   45   21  105   57   69  118  185
    8   98   13  105   78   40   12   92   52   63  143  192
   28  114    4   92   72   35    3  108   47   86  139  199
   19  101   24  108   66   30   23   95   42   80  135  177
   10   88   15   95   60   54   14  111   37   74  131  184
    1  104    6  111   83   49    5   98   32   68  127  191
   21   91   26   98   77   44   25  114   56   62  123  198
   12  107   17  114   71   39   16  101   51   85  119  176
    3   94    8  101   65   34    7   88   46   79  144  183
   23  110   28   88   59   29   27  104   41   73  140  190
   14   97   19  104   82   53   18   91   36   67  136  197
    5  113   10   91   76   48    9  107   31   61  132  175
   25  100    1  107   70   43    0   94   55   84  128  182
   16   87   21   94   64   38   20  110   50   78  124  189
    7  103   12  110   58   33   11   97   45   72  120  196
   56  119   32  126  110   86   31  142   69   95    0  145
   47  135   52  142  104   81   51  129   64   89    7  170
   38  122   43  129   98   76   42  116   59  112   14  166
   29  138   34  116   92   71   33  132   83  106   21  162
   49  125   54  132  115   66   53  119   78  100   28  158
   40  141   45  119  109   61   44  135   73   94    6  154
   31  128   36  135  103   85   35  122   68   88   13  150
   51  144   56  122   97   80   55  138   63  111   20  146
   42  131   47  138   91   75   46  125   58  105   27  171
   33  118   38  125  114   70   37  141   82   99    5  167
   53  134   29  141  108   65   57  128   77   93   12  163
   44  121   49  128  102   60   48  144   72   87   19  159
   35  137   40  144   96   84   39  131   67  110   26  155
   55  124   31  131   90   79   30  118   62  104    4  151
   46  140   51  118  113   74   50  134   86   98   11  147
   37  127   42  134  107   69   41  121   81   92   18  172
   57  143   33  121  101   64   32  137   76  115   25  168
   48  130   53  137   95   59   52  124   71  109    3  164
   39  117   44  124   89   83   43  140   66  103   10  160
   30  133   35  140  112   78   34  127   61   97   17  156
   50  120   55  127  106   73   54  143   85   91   24  152
   41  136   46  143  100   68   45  130   80  114    2  148
   32  123   37  130   94   63   36  117   75  108    9  173
   52  139   57  117   88   58   56  133   70  102   16  169
   43  126   48  133  111   82   47  120   65   96   23  165
   34  142   39  120  105   77   38  136   60   90    1  161
   54  129   30  136   99   72   29  123   84  113    8  157
   45  116   50  123   93   67   49  139   79  107   15  153
   36  132   41  139   87   62   40  126   74  101   22  149