    797   1189    685    658    940
    884   1029    739    747   1242
    832    827    744    688    680
    927    938    749    693   1080
    931   1257    753    694   1084
    933   1070    875    695    938
    934   1190    686    696    706
    705   1260    757    697    800
   1207   1119    660    726   1112
    662   1064    822    847    910
   1027   1156    836    858   1034
   1033   1162    840    862   1281
   1035    758    680    863   1153
   1036   1164    653    864   1243
    759    878    678    865   1284
    951    946    844    758    721
    962    678    849    763    732
    673    963    853    764    738
    968    724   1001    765    678
    969    828    745    766    648
    726    966    857    767    654
    709   1078    860    649   1191
   1071   1082    864    775   1195
   1073    800   1015    776   1078
   1074    939    750    777    794
    793   1085    868    778    930
   1077   1072    870    779    804
   1079   1187   1019    780   1082
   1080   1258    754    781    798
    794   1287    874    782    936
   1081   1071    684    783    939
    795   1191    755    784   1085
    796   1069    656    785    801
    861    757    690    809   1147
    980   1216    695    823   1209
   1265   1220    699    651   1215
   1267   1117    662    830    841
   1268    842    702    831   1217
   1103    979    703    832    974
    692   1177    941    973   1042
    697   1182    955    984    702
    701    784    959    988   1059
    703    779    721    989    777
    704   1185    666    990    911
    649    913    719    991   1062
   1154    886    966    683   1161
   1160   1243    970   1002   1165
   1162    876    732   1003    883
   1163   1245    671   1004   1035
    877   1021    730   1005   1168
    762   1247    971    682   1155
   1166    877    738   1009   1240
   1167   1249    675   1010   1282
    881   1025    736   1011   1294
   1168    879    648   1012   1154
    882    880    654   1013   1244
    883   1028    679   1014   1152
   1088    719    975    876    815
    714   1089    979    877    821
   1094    807   1120    878    719
   1095    947    845    879    650
    809   1092    983    880    667
    735    730    986    657    829
    725    736    990    888    835
   1099    654   1134    889    730
   1100    679    850    890    651
    823    739    994    891    672
    729   1098    996    892    839
    731    825   1138    893    736
    732    964    854    894    652
    651   1101   1000    895    676
   1102    725    743    896    679
    830    829    855    897    739
    831    723    681    898    655
    801   1193   1004    659   1259
    803    930   1145    660   1189
    804   1079    861    661    924
    663   1196   1008    662   1070
   1188    802   1010    906    934
   1190    936   1149    907   1193
   1191   1083    865    908    928
    924   1197   1014    909   1076
   1192    801    748    910   1079
    925    940    866    911   1196
    926    799    682    912    931
   1194    926   1150    913    802
   1195   1073    871    914    663
    928   1192   1018    915    708
   1196   1188    752    916   1083
    929   1259    872    917   1197
    930   1186    683    918    937
    932    924    756    919    799
    987    857    760    928   1230
    686    868    765    942   1235
   1005    874    769    664    867
   1007    755    692    949    862
   1008    656    772    950   1238
    746    685    773    951   1009
   1110   1268    776    674    982
   1116   1272    780    669   1267
   1118   1214    697    960    972
   1119    973    783    961   1269
    842   1109    784    962   1104
   1106    983    786    670   1271
   1289   1218    701    671    973
   1290    977    789    672   1273
   1204   1115    790    673   1108
   1291   1118    704    967    975
   1205   1221    649    968    976
   1206    980    792    969   1111
    767   1252   1081   1103    772
    771    897   1085   1107   1172
    773    892    804   1108    890
    774   1255    707   1109   1043
    657   1045    802   1110   1175
    778    921   1092    742    783
    782    911   1096   1121    789
    784    906    815   1122    661
    785   1256    712   1123    703
    658   1056    813   1124    792
    788    917   1097    741   1181
    790    658    821   1128    908
    791    919    716   1129   1060
    659    695    819   1130   1184
    792    914    650   1131    778
    660    915    667   1132    912
    661   1063    720   1133    776
   1241   1035   1101    751   1246
   1243    687    829    752   1026
   1244   1037    723    753   1162
   1020    760    827    754   1249
    880   1282   1102    746    885
   1247   1020    835   1139   1032
   1248   1284    727   1140   1166
   1024   1152    833   1141   1250
   1249   1022    651   1142    884
   1025   1023    672   1143   1036
   1026   1155    731   1144    882
    886   1024    839    748   1022
    887   1285    733    749   1156
    687   1158    837    750   1245
   1250   1026    652   1146   1241
   1031   1027    676   1147   1283
   1032   1161    737   1148   1239
   1034   1030    655   1149   1020
    818    813   1105    687    948
    808    819   1109   1020    954
   1199    667   1217   1021    813
   1200    720    976   1022    664
    942    822   1113   1023    713
    812   1198   1115   1024    958
    814    944   1221   1025    819
    815   1090    980   1026    665
    664   1201   1119   1027    717
   1202    808    843   1028    720
    949    948    981   1029    822
    950    806    740   1030    668
    655    833   1123    689    965
    838    672   1228    690    827
    839    731    987    691    669
    674    836   1127    692    724
    826    837   1129   1038    969
    828    676   1232   1039    833
    829    737    991   1040    670
    669    840   1133   1041    728
   1203    655    848   1042    731
    960    680    992   1043    836
    961    653    741   1044    673
    834    961   1233   1045    837
    835   1099    997   1046    674
    670   1203   1137   1047    734
    836    826    852   1048    737
    671    965    998   1049    840
    672    824    742   1050    677
    967    669    856   1051    653
    937    932   1140    698   1074
    939   1076   1237    699   1257
    940   1194   1005    700   1068
    706   1261   1144    701   1187
    941    931    859    702   1190
    707   1080   1006    703   1260
    708    929    746    704   1071
   1258    708   1238   1056    932
   1259    803   1011   1057    705
   1068    941   1148   1058    796
   1260    937    863   1059   1194
   1069   1084   1012   1060   1261
   1070    935    747   1061   1077
   1072    706    867   1062    929
   1261    927    869   1063    803
   1075   1074   1016   1064    941
   1076    925    751   1065    709
   1078   1068    873   1066    935
    745    994    878   1068   1276
   1124   1000    882    705    993
   1126    855    762   1075    988
   1127    681    885   1076   1279
    846    744    886   1077   1128
    750   1008    889    715   1017
    754   1014    893    710   1007
    756    866    767   1086   1002
    757    682    896   1087   1280
    656    749    897   1088   1139
   1141   1018    899    711   1013
   1143    872    771    712    682
   1144    683    902    713   1015
    858    753    903    714    748
   1145    756    774   1093   1010
    859    875    657   1094   1011
    860    686    905   1095   1146
   1213   1290    907    648   1118
   1215   1266    778    733    740
   1216   1103    910    734   1120
    973   1206    911    735    843
    845   1113    913    722   1289
   1219   1270    782    723   1103
   1220   1107    916    724   1291
    977   1212    917    725   1205
   1221   1215    785   1098   1105
    978   1273    658   1099   1106
    979   1110    919   1100   1208
   1209    981    788    727   1107
   1210    740    920    728   1292
    972    844    921    729   1211
   1295   1219    791    730   1109
   1263   1274    659    731   1110
   1264   1116    923    732   1214
   1266    978    661   1102   1113
    891   1053   1192    842    896
    895   1043   1196   1204    902
    897   1038    934   1205    691
    898   1286    795   1206    773
    688   1169    932   1207    905
    901   1049   1197    841   1251
    903    688    940   1211   1040
    904   1051    799   1212   1173
    689    765    938   1213   1254
    905   1046    663   1214    891
    690   1047    708   1215   1044
    691   1176    803   1216    889
    909    703   1201    851    916
    911    698    948    852    696
    912   1067    806    853    784
    693    786    946    854    919
    915   1060   1202    846    920
    917    693    954   1222    700
    918   1062    810   1223    790
    694    776    952   1224    923
    919   1057    664   1225    662
    695   1058    713   1226    704
    696   1181    814   1227    660
    921    694    958    848   1057
    922   1066    816    849   1182
    698    780    956    850   1256
    923    696    665   1229    909
    699    697    717   1230   1061
    700    783    820   1231    907
    702   1065    668   1232    693
   1023   1166   1203    656   1028
   1282    759    965    869   1159
   1283   1168    824    870   1247
   1151    882    963    871   1285
   1284    761    669    872   1027
   1152    762    724    873   1163
   1153    885    828    874   1025
   1029   1151    969    859    761
   1030   1294    830    860    886
    758   1239    967    861   1037
   1285   1153    670   1234   1033
   1158   1154    728   1235   1167
   1159   1242    834   1236   1031
   1161   1157    673   1237    759
   1037   1159    674    866   1023
    760   1160    734    867   1157
    761   1246    838    868   1021
   1165   1163    677   1238   1151
    668    952   1206    759   1091
    957    713   1269    760    946
    958    814   1106    761    710
    715    955   1210    762    807
    945    956   1212   1151   1095
    947    717   1273   1152    952
    948    820   1110   1153    711
    710    959   1216   1154    811
   1262    668    974   1155    814
   1086    721   1111   1156    955
   1087    666    841   1157    714
    953   1087   1274   1158    956
    954   1199   1116   1159    715
    711   1262   1220   1160    817
    955    945    978   1161    820
    712   1091   1117   1162    959
    713    943    842   1163    718
   1093    710    982   1164    666
    677    967   1223    768   1100
    679    728   1278    769    963
    680    834   1124    770    722
    648    970   1227    771    825
    971    673    985    772    828
    733    732   1125    773    966
    734    671    846    774    725
    964    734   1279   1169    967
    965    838   1130   1170    726
    722    971   1231   1171    831
    966    677    989   1172    834
    723    738   1131   1173    970
    724    675    847   1174    729
   1098    648    993   1175    671
    970    962    995   1176    838
    727   1100   1135   1177    971
    728    960    851   1178    735
    730    722    999   1179    675
   1083    796   1280    786   1072
   1084    933   1141    787    793
    798   1081   1236    788    926
   1085   1077   1003    789   1258
    799   1195   1142    790   1287
    800   1075    858    791   1188
    802    794   1007    792   1069
   1287    709   1009   1181    933
   1186    804   1146   1182   1081
   1187    707    862   1183    797
   1189    798   1013   1184   1075
   1193    793   1017   1185    707
    850   1127   1021    798   1136
    854   1133   1025    793   1126
    856    992    880   1186   1121
    857    741   1028   1187   1293
    681    849   1029   1188   1222
   1224   1137   1031    794   1132
   1226    998    884    795    741
   1227    742   1034    796   1134
    984    853   1035    797    848
   1228    856    887   1193   1129
    985   1001    687   1194   1130
    986    745   1037   1195   1229
    865   1144   1039    650    756
    867   1006    891    816    751
    868    746   1042    817   1150
    682    860   1043    818    869
    871   1148   1045    805   1143
    873   1012    895    806    746
    874    747   1048    807   1145
    683    864   1049    808    859
    875    867    898   1198   1140
    684   1015    688   1199   1141
    685    750   1051   1200   1234
   1235   1016    901    810    747
   1236    751   1052    811   1149
   1002    870   1053    812    863
   1237    873    904    813    749
   1003   1019    689    814    750
   1004    754   1055    815    866
   1006    684    691   1202   1148
    976   1210   1056    652   1219
   1271   1288    909    653    842
   1272   1204   1059    654   1221
   1107   1264   1060    655    978
   1273   1267    912    837    844
   1108   1291    693    838    845
   1109   1207   1062    839    981
    982   1111    915    824   1204
    983    841   1063    825   1295
    740    975   1064    826   1263
   1274   1271    918    827   1206
   1114   1292    694    828   1207
   1115   1213   1066    829   1266
   1117   1108    696   1203   1210
   1269    982    922    833   1212
   1104   1120    698    834   1213
   1105    845   1067    835   1270
   1288   1114    700    836   1216
   1041    773   1260    977   1048
   1043    768   1074    978    766
   1044   1180    925    979    897
    763    899   1072    980   1051
   1047   1173   1261    972   1052
   1049    763   1080   1263    770
   1050   1175    929   1264    903
    764    889   1078   1265   1055
   1051   1170    705   1266    692
    765   1171    796   1267    774
    766   1251    933   1268    690
   1053    764   1084    974   1170
   1054   1179    935    975   1252
    768    893   1082    976   1286
   1055    766    706   1270   1041
    769    767    800   1271   1174
    770    896    939   1272   1039
    772   1178    709   1273    763
   1058    790   1262    681   1063
   1060    649   1091    995    781
   1061    792    943    996    917
    775    660   1089    997   1066
   1062    787    710    998    697
    776    788    807    999    785
    777    920    947   1000    695
   1064    775   1095    985    787
   1065   1184    949    986    921
    779    907   1093    987   1067
   1066    777    711   1275    701
    780    778    811   1276    791
    781    910    953   1277    699
    783   1183    714   1278    649
   1067    781    715    992   1058
    786    782    817    993   1183
    787    916    957    994   1056
    789    785    718   1279    775
   1156    881   1100    684    879
   1157   1250    960    685   1029
    876   1031   1098    686   1164
   1294    883    722   1016   1160
   1239    884    825   1017   1248
   1240   1034    964   1018   1158
   1242    887    725   1019    877
   1164   1240    726   1006    762
    878   1241    831   1007    887
    879   1281    968   1008    760
   1246   1244    729   1280    881
    885   1248    735   1015    876
    718   1093   1264    881   1200
    720    811   1291    882   1089
    721    953   1207    883    805
    650   1096   1268    884    944
   1097    714   1104    885    947
    816    815   1208    886   1092
    817    712    972    887    808
   1090    817   1292   1239   1093
   1091    957   1213   1240    809
    805   1097   1272   1241    950
   1092    718   1108   1242    953
    806    821   1214   1243   1096
    807    716    973   1244    812
   1198    650   1112   1245    712
   1096   1088   1114   1246    957
    810   1200   1218   1247   1097
    811   1086    977   1248    818
    813    805   1118   1249    716
    737    831   1293    899   1098
    738    968   1224    900    823
    652   1102   1277    901    961
    739    729   1122    902    964
    653    835   1225    903   1101
    654    727    984    904    826
    837    651   1126    905    723
   1101    735   1128   1251    968
    824    839   1229   1252   1102
    825    733    988   1253    832
    827    652   1132   1254    727
    833    823   1136   1255    733
   1197    797   1139    920   1073
    935    934   1234    921   1192
    936    795   1002    922    927
    938    928   1143    923   1186
   1257    663   1147   1256    795
    991   1227   1152    663    856
    993   1125   1023    935    851
    994    846   1155    936   1233
    741    986   1156    937    995
    997   1231   1158    924   1226
    999   1131   1027    925    846
   1000    847   1161    926   1228
    742    990   1162    927    985
   1001    993   1030   1257   1223
    743   1134    758   1258   1224
    744    850   1164   1259   1275
   1276   1135   1033    929    847
   1277    851   1165    930   1232
   1121    996   1166    931    989
   1278    999   1036    932    849
   1122   1138    759    933    850
   1123    854   1168    934    992
   1125    743    761   1261   1231
   1011   1236   1169    665    873
   1013   1142   1041    666    656
   1014    858   1172    667    875
    747   1004   1173    668    684
   1015   1007   1044    956    870
    748   1145    763    957    871
    749    861   1175    958   1016
   1017   1146   1047    943    858
   1018    862   1176    944   1237
    751   1010   1177    945   1003
   1019   1013   1050    946    860
    752   1149    764    947    861
    753    865   1179    948   1006
    755    748    766   1262   1236
   1280   1017   1054    952    864
   1139   1150    768    953    865
   1140    871   1180    954   1012
   1142    752    770    955    868
   1112   1208   1058    675    977
   1113    972   1181    676   1274
    841   1105   1182    677   1114
   1292   1289   1061    678    979
   1211   1295    775    679    980
   1212   1265   1184    680   1117
   1214   1205    777    971    983
   1120   1112   1065    963   1264
    843   1217    779    964   1265
    844    976   1185    965   1288
   1218   1211    781    966   1268
   1208    843    787    970   1272
   1171    903   1287    740   1176
   1173    657   1191   1114    894
   1174    905   1069   1115   1049
    888    690   1189   1116   1179
   1175    900    793   1117    767
    889    901    926   1118    898
    890   1052   1073   1119    765
   1177    888   1195   1104    900
   1178   1254   1075   1105   1053
    892   1039   1193   1106   1180
   1179    890    794   1288    771
    893    891    930   1289    904
    894   1042   1079   1290    769
    896   1253    797   1291    657
   1180    894    798   1111   1171
    899    895    936   1112   1253
    900   1048   1083   1113   1169
    902    898    801   1292    888
   1182    659   1200    743    914
   1183    923   1086    744   1064
    906    699   1198    745   1185
   1184    661    805   1135    782
    907    662    944   1136    918
    908    702   1090   1137    780
    910    922    808   1138    658
   1185    908    809   1125    788
    913    909    950   1126    922
    914   1059   1094   1127    786
    916    912    812   1293    659
    920    918    818   1134    906
   1245   1032    823    755    880
   1021   1033    961    756   1030
   1022   1165   1099    757    878
   1281   1036    826   1150   1024
   1028   1283    832   1145    687
    820    950   1295   1031   1198
    821   1094   1265   1032    942
    665   1202   1290   1033   1087
    822    812   1205   1034   1090
    666    954   1266   1035   1201
    667    810   1103   1036    945
    956    664   1209   1037    806
   1201    818   1211   1281   1094
    943    958   1270   1282   1202
    944    816   1107   1283    951
    946    665   1215   1284    810
    952    942   1219   1285    816
    840    832   1222   1052   1099
    675    969   1275   1053   1203
    676    830   1121   1054    962
    678    670   1226   1055    824
    963    674   1230   1286    830
   1082    705   1235   1067    925
   1130   1277   1239    706    999
   1132   1225   1154    707    681
   1133    984   1242    708   1001
    847   1123   1243    709    743
   1134   1126   1157   1082    996
    848   1228    876   1083    997
    849    987   1245   1084   1135
   1136   1229   1160   1069    984
   1137    988   1246   1070   1278
    851   1129   1247   1071   1122
   1138   1132   1163   1072    986
    852   1232    877   1073    987
    853    991   1249   1074   1125
    855    848    879   1287   1277
   1293   1136   1167   1078    990
   1222   1233    881   1079    991
   1223    997   1250   1080   1131
   1225    852    883   1081    994
   1147   1234   1171    716    683
   1148   1002   1251    717   1019
    862   1140   1252    718    752
   1149   1143   1174    719    685
    863   1237    888    720    686
    864   1005   1254    721    755
    866    859    890   1097   1018
   1150   1147   1178   1089   1004
    869   1238    892   1090   1005
    870   1011   1255   1091   1142
    872    863    894   1092   1008
   1234    869    900   1096   1014
   1217   1209   1183    736   1115
    974   1269    906    737   1116
    975   1106   1256    738   1218
   1270   1263    908    739   1119
    981    974    914   1101   1290
   1252    689   1259    843   1046
   1253   1055   1186    844   1177
   1038    769   1257    845   1255
   1254    691    924   1218    895
   1039    692   1070   1219   1050
   1040    772   1190   1220    893
   1042   1054    927   1221    688
   1255   1040    928   1208    901
   1045   1041   1076   1209   1054
   1046   1172   1194   1210    899
   1048   1044    931   1295    689
   1052   1050    937   1217   1038
   1256    700    942    855    915
   1056    701   1087    856   1065
   1057    789   1199    857    913
   1059    704    945   1233    694
   1063   1061    951   1228    698
   1155   1167    962    875    758
    959    951   1263   1165   1199
    716   1095   1288   1166   1262
    717    949   1204   1167   1088
    719    711   1267   1168    943
   1089    715   1271   1294    949
    736    726   1276   1180    960
   1230   1275   1241    799    742
   1231   1121   1281    800   1138
    988   1223   1282    801    852
   1232   1226   1244    802    744
    989   1278   1020    803    745
    990   1124   1284    804    855
    992    985   1022   1197   1137
   1233   1230   1248   1189   1123
    995   1279   1024   1190   1124
    996   1130   1285   1191   1225
    998    989   1026   1192   1127
   1275    995   1032   1196   1133
   1238   1235   1253    819    753
   1009   1280   1038    820    754
   1010   1141   1286    821    872
   1012   1003   1040    822    757
   1016   1009   1046   1201   1144
   1111   1104   1057    840   1220
   1286    770   1068    981   1047
   1169    771   1187    982   1178
   1170    902   1258    983   1045
   1172    774   1071   1274    764
   1176   1174   1077   1269    768
   1181    791   1088   1001    779
    819    809   1289   1250   1086
   1279   1276   1283    938    853
   1128   1293   1151    939    854
   1129   1224   1294    940    998
   1131   1122   1153    941    857
   1135   1128   1159   1260   1227
   1146   1139   1170    959    874
   1251    904   1188   1120    892
   1229   1222   1240   1085   1000
    297    307     54    210     19
     44    391    108     21    403
    423    433    124    336     60
     70    444    135     35     65
    440    448    141    354     69
    442    167     13    355    174
    443     64     55    356     20
    157    165    144    357     73
    202     96     32    258    474
    114    504    208     62    516
    119    121    219      0    527
    123    521    225     74    531
    125    393      8     75    250
    126    524    227     76    117
      9    525     36     77    248
     77    454    237    455     86
    153    544    248     94    148
    540    548    254    473    152
    542    286     43    474    293
    543    147    125    475     61
    276    284    257    476    156
    164    174    262     99    159
    170    553    268    103    163
    172    300     48    104    307
    173    158    136    105     66
     17    298    271    106    167
    160    554    272     98    169
    551    306     52    491    311
    552    162    142    492     70
    294    304    275    493    173
    553     16     14    494     18
    295     65     56    495     71
    296    166     12    496      2
    328    196     73    390    557
    339    201     84     50    204
    343    205     90     45    574
    345    353     30    408    476
    346     97      0    409    577
     93    209      6    410    578
    140    128    334    145    537
    232    234    345      2    597
    236    591    351    157    601
    238    506     33    158    382
    239    594    353    159    230
     39    595     95    160    380
    243    245    359      3    257
    247    251    365      4    606
    249    123     34      5    396
    250    254    367      6    241
     40    255    100      7    394
    253    241    369    175    607
    255    523     35    176    402
    256    603    371    177    245
     41    604    104    178    400
    257    526     37    179     40
     42    240     38    180    118
     43    606    107    181    249
      7    555    380    194    183
    178    188    386    556      6
    180    321    113    557    323
    181    182    238    558     87
     21    319    389    559    191
    283    293    394    199    278
    289    612    400    203    282
    291    426    118    204    433
    292    277    249    205    149
     58    424    403    206    286
    279    613    404    198    288
    610    432    122    574    437
    611    281    255    575    153
    420    430    407    576    292
    612     57     44    577     59
    421    148    126    578    154
    422    285     42    579     15
    303    311    411    214    296
    305     73    129    215    444
    306     18    263    216    160
     63     71    414    217    300
     20    614    415      8    302
    309    443    133    221    448
    310    295    269    222    164
     67    441    418    223    306
    311     62     49    224     64
     68    159    137    225    165
     69    299     47    226     16
    299    447    139    211    449
    300    301    273    212    170
     62    445    419    213    310
    614     63     53    586     68
    438    163    143    587    171
    439    305     51    588     17
    441     66      1    589     72
    363    222    156    503    211
    458    327    167    120    330
    462    331    173    115    615
    464    472     71    521    559
    465    197      2    522    618
    193    335     19    523    619
     97    338    181    131    341
    476    342    187      1    347
    478    486     82    138    206
    479    202      3    139    350
    198    346     24    140    351
    482    348    191    127    337
    484    490     88    128    576
    485    206      4    129    627
    199    352     28    130    628
    486     95     31    533    579
    200    207     91    534    336
    201     33      7    535    630
    267     12    464     15    608
     14    259    470    276    271
    273    130     92    277    417
    274    262    472    278    265
     50    263    195    279    415
    375    377    478     16    389
    379    383    484     17    636
    381    236     93     18    509
    382    386    486     19    373
    110    387    200     20    507
    385    373    488    294    637
    387    593     94    295    515
    388    633    490    296    377
    111    634    204    297    513
    389    596     96    298    110
    112    372     97    299    231
    113    636    207    300    381
    393    397    495     22    407
    395    247     98     23    126
    396    400    497     24     42
    115    401    211     25    124
    399     42    499     26    638
    401    253     99     27    526
    402    404    501     28    391
    116    405    215     29    524
    403    256    101     30    115
    117     41    102     31    242
    118    407    218     32    395
    405    243    103    312    530
    406    394    502    313    397
    120    395    221    314    528
    407    605    105    315    116
    121    390    106    316    246
    122    638    224    317    401
    124    392    109    318    119
     25    323    507    325    313
     29    318    513    329     24
     31    452    231    330    454
     32    312    381    331    184
      0    450    516    332    321
    314    322    517    324     28
    316     84    235    615     91
    317     23    387    616      7
     74     82    520    617     32
    318     78    114    618     85
     75    183    239    619    189
     76    320    112    620     26
    429    437    524    340    422
    431    156    242    341    544
    432     59    395    342    279
    146    154    527    343    426
     61    639    528     33    428
    435    543    246    347    548
    436    421    401    348    283
    150    541    531    349    432
    437    145    119    350    147
    151    278    250    351    284
    152    425    117    352     57
    425    547    252    337    549
    426    427    405    338    289
    145    545    532    339    436
    639    146    123    627    151
    538    282    256    628    290
    539    431    121    629     58
    541    149      9    630    155
     66    449    533     34    439
    446    173    260    361    553
    447     68    412    362    297
    161    171    536    363    443
    448      2    130    364    158
    162     19    264    365    298
    163     72    128    366     62
     72    552    266     36    554
     73    438    416     37    303
      2    550    537     38    447
    449    157    134    368    162
    168    296    270    369    304
    169    442    132    370     63
    171    160     10    371    166
    444    161    140    358    168
    158    302    274    359    308
    159    446    138    360     67
    550    164     11    632    172
    493    362    286    233     36
    102     37    292    228    355
    499    502    154    591    213
    500    223     15    592    358
    214    370     60    593    359
    197    457    300    244    460
    559    461    306      9    466
    561    569    165    251    332
    562    328     16    252    469
    324    465     65    253    470
    565    467    310    240    456
    567    573    171    241    617
    568    332     17    242    640
    325    471     69    243    641
    569    195     72    603    620
    326    333    174    604    455
    327     92     20    605    643
    206    475    317     10    480
    208    580    179    265    343
    209    339     21    266    483
     33    479     76    267    484
    576    481    321     11     95
    578    584    185     12    349
    579    343     22     13    487
    336    485     80     14    488
    580    200     83    272    352
    337    344    188    273     94
    338     93     25    274    490
    582    585    189    259    339
    583    349     26    260    477
    340    489     86    261    478
    584    204     89    262    629
    341    350    192    263    473
    342     94     29    264    645
    344    208      5    608    475
    410     47    561     57    419
     49     51    567     58    414
    416     14    193     59    535
    417     54    569     60    408
    131     55    326     61    533
     53    408    571    420    418
     55    261    194    421    137
     56    411    573    422     47
      1    412    330    423    135
    419    264    196    424    131
    138     45    197    425    266
    139    414    333    426    416
    506    510    578     63    520
    508    379    198     64    239
    509    513    580     65    112
    228    514    337     66    237
    512    112    582     67    646
    514    385    199     68    596
    515    517    584     69    504
    229    518    341     70    594
    516    388    201     71    228
    230    111    202     72    374
    231    520    344     73    508
    518    375    203    438    600
    519    507    585    439    510
    233    508    347    440    598
    520    635    205    441    229
    234    503    206    442    378
    235    646    350    443    514
    237    505    209    444    232
    523    117    587     78    532
    525    399    210     79    256
    526    528    589     80    121
    240    529    355     81    254
    527    402    212     82      9
    241    116    213     83     43
    242    531    358     84    125
    529     44    214     85    605
    530    124    590     86    521
    244    125    361     87    603
    531    406    216     88    240
    245    120    217     89    392
    246    532    364     90    525
    248    122    220     91    243
    532    396    222    450    244
    251    115    223    451    398
    252    527    368    452    529
    254    522    226    453    247
     81     91    594    459     76
     83    191    374    460    555
     84     85    508    461    314
      3    189    597    462    452
     87    453    598     92     80
     89    181    378    466    188
     90     75    514    467     25
      4    179    601    468     84
     91    175    232    469    182
      5    313    382    470    319
      6    451    230    471     78
    451    187    384    456    192
    452     79    518    457     29
    175    185    602    458     90
    453      3    236    640      5
    176     24    388    641     30
    177     83    234    642      0
    179    184     39    643    190
    149    549    603     93    539
    546    292    392    480    612
    547    151    525    481    423
    280    290    606    482    543
    548     15    243    483    277
    281     60    396    484    424
    282    155    241    485    145
    155    611    398     95    613
    156    538    529     96    429
     15    609    607     97    547
    549    276    247    487    281
    287    422    402    488    430
    288    542    245    489    146
    290    279     40    490    285
    544    280    253    477    287
    277    428    406    478    434
    278    546    251    479    150
    609    283     41    645    291
    166    310    409    100    614
    167    168    534    101    440
     16    308    608    102    552
    554     17    261    498    295
    301     69    413    499    441
    302    172    259    500    157
    304     20     45    501    299
    174    294    267    107    301
     18    439    417    108    445
     19    551    265    109    161
    308    297     46    502    305
    298    303     50    497    309
    223    492    426    376    100
    213    101    432     39    104
    587    590    284    383     38
    588    363     57    384    107
    354    500    148    385    108
    217    105    436    372    491
    219    227    290    373    357
    220     38     58    374    494
     34    109    152    375    495
    590    221    155    633    360
    361    368    293    634     98
    362    103     61    635    497
    332    558    443     40    563
    334    621    298    397    462
    335    458     62    398    566
     92    562    159    399    567
    617    564    447     41    195
    619    625    304     42    468
    620    462     63     43    570
    455    568    163     44    571
    621    326    166    404    471
    456    463    307    405    194
    457    193     66    406    573
    623    626    308    391    458
    624    468     67    392    560
    459    572    169    393    561
    625    330    172    394    642
    460    469    311    395    556
    461    194     70    396    647
    463    334     18    638    558
    349    575    452     46    200
    351    630    315     47    482
    352    476     74     48    581
     94    579    177     49    582
    353    337    180    415    485
     95    477    318    416    199
     96    198     77    417    584
    628    631    319     51     97
    629    482     78     52    207
    473    583    183     53    208
    630    341    186     54    489
    474    483    322     55    203
    475    199     81     56    585
    477    345     23    419    205
    631    347    190    411    479
    480    487    323    412    198
    481    203     87    413    580
    483    351     27    414    575
    130    132    619    146    144
    534     49    324    147    274
    535    135    621    148    138
    258    136    456    149    272
    134    138    623    150    536
    136     53    325    151    264
    137    141    625    152    128
     10    142    460    153    262
    537     56    327    154    258
    265      1    328    155    409
    266    144    463    156    534
    142    410    329    538    270
    143    533    626    539    132
     11    534    466    540    268
    144    413    331    541     10
     12    127    332    542     48
     13    536    469    543    136
    272    129    335    544    267
    593    230    628    161    602
    595    512    336    162    388
    596    598    630    163    234
    372    599    474    164    386
    597    515    338    165     39
    373    229    339    166    113
    374    601    477    167    238
    599    114    340    168    635
    600    237    631    169    591
    376    238    480    170    633
    601    519    342    171    372
    377    233    343    172    505
    378    602    483    173    595
    380    235    346    174    375
    602    509    348    550    376
    383    228    349    551    511
    384    597    487    552    599
    386    592    352    553    379
    604    119    354    182    406
    605    248    632    183    251
    390    249    491    184    404
    606    530    356    185     41
    391    244    357    186    122
    392    607    494    187    255
    394    246    360    188     44
    607    126    362    189    390
    397      9    363    190    522
    398    257    498    191    604
    400    252    366    192    393
    404    242    370    555    399
    184    192    633    193    177
    186     32    505    563    318
    187      5    595    564     77
     22     30    636    565    181
    188     26    375    566    312
     23     86    509    567    450
     24    190    373    568    175
    190    317    511    195    322
    191    176    599    196     81
     26    315    637    197    187
    192     21    379    570     23
     27     76    515    571     82
     28    180    377    572      3
     30    314    110    573    320
    555     22    385    560     27
    312     80    519    561     88
    313    186    383    562      4
    315     25    111    647     31
    285    436    522    200    639
    286    287    604    201    540
     57    434    638    202    611
    613     58    393    581    421
    427    152    526    582    541
    428    291    391    583    276
    430     61    115    584    425
    293    420    399    207    427
     59    539    530    208    545
     60    610    397    209    280
    434    423    116    585    431
    424    429    120    580    435
    307     67    410    218    438
     64    169    535    219    550
     65    309    408    220    294
    445     70    127    590    442
     71    440    131    227    446
     38    212    543    110    215
    369    632    424    510    102
    370    493    145    511    218
    103    588    278    512    219
    357    216    547    111    221
    359    367    430    112    106
    360    102    146    113    224
     98    220    282    114    225
    632    361    285    517    109
    491    498    433    518      8
    492    214    149    519    227
    365    371    434    504    493
    366    106    150    505    586
     99    226    288    506    587
    367     36    291    507    496
    100    107    437    508    210
    101      8    153    509    589
    498    369     59    646    212
    468    616    552    116    326
    470    643    441    117    565
    471    559    157    118    622
    194    620    296    119    623
    472    456    299    528    568
    195    560    444    529    325
    196    324    160    530    625
    641    644    445    121    197
    642    565    161    122    333
    556    624    302    123    334
    643    460    305    124    572
    557    566    448    125    329
    558    325    164    126    626
    560    464     64    532    331
    644    466    309    524    562
    563    570    449    525    324
    564    329    170    526    621
    566    470     68    527    616
    488    645    450    132    202
    489    576    175    133    344
    203    629    313    134    345
    490    474    316    135    583
    204    577    453    136    340
    205    336    178    137    631
    207    478     75    537    342
    645    480    320    141    209
    574    581    454    142     33
    575    340    184    143    353
    577    484     79    144    348
    581    488     85    536    338
    261    265    641    280    275
    263    134    455    281     56
    264    268    643    282     12
     45    269    557    283     54
    608    137    457    284     50
    408     10    458    285    139
    409    271    560    286    273
    269    140    459    287    413
    270    272    644    288    259
     46    273    563    289    411
    271    143    461    290     45
     47     11    462    291    129
     48    275    566    292    263
    415     13    465    293    410
    275    535    467    609     46
     51    258    468    610    133
     52    608    570    611    269
     54    260    471    612     49
    634    232    473    301    519
    635    380    645    302    383
    503    381    574    303    517
    636    600    475    304    111
    504    376    476    305    235
    505    637    577    306    387
    507    378    479    307    114
    637    239    481    308    503
    510     39    482    309    592
    511    389    581    310    634
    513    384    485    311    506
    517    374    489    614    512
    638    250    492    319    120
    521     40    493    320    252
    522    403    586    321    405
    524    398    496    322    123
    528     43    500    323    523
    320     90    592    326    453
    321     27    634    327    178
     78     88    646    328    317
    322      0    506    622     75
     79      6    596    623    179
     80     31    504    624     21
     82     87    228    625    451
    323     74    512    333     79
     85    177    600    334    185
     86    316    510    335     22
     88     77    229    626     83
    450     81    233    621     89
    433    150    523    344    538
    147    288    605    345    609
    148    435    521    346    420
    545    153    240    631    542
    154    540    244    353    546
    165    170    258    367    551
    106    356    611    229    361
    108    497    541    230    217
    109    213    276    231    364
      8    360    422    232    365
    502    491    425    598    220
    221    586    544    599     34
    222    354    279    600    367
    495    501    545    234    223
    496    217    280    235    368
    210    366    428    236    369
    497    100    431    237    226
    211    218    548    238     35
    212     34    283    239    371
    586    499    147    602     37
    501    104    435    594    588
    215    224    549    595    354
    216     35    289    596    632
    218    108    151    597    356
    571    647    550    245    328
    572    617    294    246    463
    329    642    439    247    464
    573    557    442    248    624
    330    618    553    249    459
    331    455    297    250    644
    333    561    158    607    461
    647    563    446    254    335
    615    622    554    255     92
    616    459    303    256    472
    618    567    162    257    467
    622    571    168    606    457
    585    574    451    268    346
    347    627    555    269     93
    348    473    314    270    486
    350    578    176    271    481
    627    582    182    275     96
    412    267    556    427    143
    413    415    647    428     51
    127    416    615    429    141
    414    270    558    430      1
    128     46    559    431     13
    129    418    618    432     55
    533     48    562    433    140
    418    274    564    434    127
    132     50    565    435    260
    133    419    622    436    412
    135     52    568    437    130
    141    409    572    639    134
    646    382    575    445    233
    591    110    576    446    384
    592    516    627    447    518
    594    511    579    448    236
    598    113    583    449    593
    603    118    588    454    253
    454      4    593    463    176
    182     28    635    464    315
    183     89    591    465     74
    185      7    372    644    180
    189    178    376    472    186
    284    289    390    486    610
    225    589    609    377    363
    226    357    420    378    498
     35    496    539    379    499
    227    211    542    380    366
     36    358    612    381     99
     37     98    423    382    501
    368    587    277    637    101
    589    215    546    386    370
    355    364    613    387    103
    356     99    429    388    502
    358    219    281    389    105
    364    225    287    636    492
    626    615    551    400    465
    466    640    614    401    193
    467    556    440    402    569
    469    619    295    403    564
    640    623    301    407    196
    487    628    312    418    201
    536    417    616    545     11
    259    131    617    546     52
    260    537    640    547    142
    262    133    620    548     14
    268    139    624    549    261
    633    231    629    554    385
    319     29    503    569    316
    371    355    610    513    500
    104    494    639    514    214
    105    210    540    515    590
    107    359    421    516    216
    494    365    427    520    222
    570    641    438    531    327
    411    266    642    613     53
    224    495    538    601    362