  192  292  361  236
  193  293  363  238
  194  295  360  239
  195  294  362  237
  196  288  369  228
  197  289  371  230
  198  291  368  231
  199  290  370  229
  200  296  365  232
  201  297  367  234
  202  299  364  235
  203  298  366  233
  204  304  373  224
  205  305  375  226
  206  307  372  227
  207  306  374  225
  208  300  381  216
  209  301  383  218
  210  303  380  219
  211  302  382  217
  212  308  377  220
  213  309  379  222
  214  311  376  223
  215  310  378  221
  216  316  349  200
  217  317  351  202
  218  319  348  203
  219  318  350  201
  220  312  357  192
  221  313  359  194
  222  315  356  195
  223  314  358  193
  224  320  353  196
  225  321  355  198
  226  323  352  199
  227  322  354  197
  228  328  337  212
  229  329  339  214
  230  331  336  215
  231  330  338  213
  232  324  345  204
  233  325  347  206
  234  327  344  207
  235  326  346  205
  236  332  341  208
  237  333  343  210
  238  335  340  211
  239  334  342  209
  240  340  301  284
  241  341  303  286
  242  343  300  287
  243  342  302  285
  244  336  309  276
  245  337  311  278
  246  339  308  279
  247  338  310  277
  248  344  305  280
  249  345  307  282
  250  347  304  283
  251  346  306  281
  252  352  289  272
  253  353  291  274
  254  355  288  275
  255  354  290  273
  256  348  297  264
  257  349  299  266
  258  351  296  267
  259  350  298  265
  260  356  293  268
  261  357  295  270
  262  359  292  271
  263  358  294  269
  264  364  325  248
  265  365  327  250
  266  367  324  251
  267  366  326  249
  268  360  333  240
  269  361  335  242
  270  363  332  243
  271  362  334  241
  272  368  329  244
  273  369  331  246
  274  371  328  247
  275  370  330  245
  276  376  313  260
  277  377  315  262
  278  379  312  263
  279  378  314  261
  280  372  321  252
  281  373  323  254
  282  375  320  255
  283  374  322  253
  284  380  317  256
  285  381  319  258
  286  383  316  259
  287  382  318  257
  288  244  205  332
  289  245  207  334
  290  247  204  335
  291  246  206  333
  292  240  213  324
  293  241  215  326
  294  243  212  327
  295  242  214  325
  296  248  209  328
  297  249  211  330
  298  251  208  331
  299  250  210  329
  300  256  193  320
  301  257  195  322
  302  259  192  323
  303  258  194  321
  304  252  201  312
  305  253  203  314
  306  255  200  315
  307  254  202  313
  308  260  197  316
  309  261  199  318
  310  263  196  319
  311  262  198  317
  312  268  229  296
  313  269  231  298
  314  271  228  299
  315  270  230  297
  316  264  237  288
  317  265  239  290
  318  267  236  291
  319  266  238  289
  320  272  233  292
  321  273  235  294
  322  275  232  295
  323  274  234  293
  324  280  217  308
  325  281  219  310
  326  283  216  311
  327  282  218  309
  328  276  225  300
  329  277  227  302
  330  279  224  303
  331  278  226  301
  332  284  221  304
  333  285  223  306
  334  287  220  307
  335  286  222  305
  336  220  253  380
  337  221  255  382
  338  223  252  383
  339  222  254  381
  340  216  261  372
  341  217  263  374
  342  219  260  375
  343  218  262  373
  344  224  257  376
  345  225  259  378
  346  227  256  379
  347  226  258  377
  348  232  241  368
  349  233  243  370
  350  235  240  371
  351  234  242  369
  352  228  249  360
  353  229  251  362
  354  231  248  363
  355  230  250  361
  356  236  245  364
  357  237  247  366
  358  239  244  367
  359  238  246  365
  360  208  277  344
  361  209  279  346
  362  211  276  347
  363  210  278  345
  364  204  285  336
  365  205  287  338
  366  207  284  339
  367  206  286  337
  368  212  281  340
  369  213  283  342
  370  215  280  343
  371  214  282  341
  372  196  265  356
  373  197  267  358
  374  199  264  359
  375  198  266  357
  376  192  273  348
  377  193  275  350
  378  195  272  351
  379  194  274  349
  380  200  269  352
  381  201  271  354
  382  203  268  355
  383  202  270  353
    0  184  110   28
    1  185  108   31
    2  187  111   29
    3  186  109   30
    4  180  118   32
    5  181  116   35
    6  183  119   33
    7  182  117   34
    8  188  114   24
    9  189  112   27
   10  191  115   25
   11  190  113   26
   12  172   98   40
   13  173   96   43
   14  175   99   41
   15  174   97   42
   16  168  106   44
   17  169  104   47
   18  171  107   45
   19  170  105   46
   20  176  102   36
   21  177  100   39
   22  179  103   37
   23  178  101   38
   24  148  134   16
   25  149  132   19
   26  151  135   17
   27  150  133   18
   28  144  142   20
   29  145  140   23
   30  147  143   21
   31  146  141   22
   32  152  138   12
   33  153  136   15
   34  155  139   13
   35  154  137   14
   36  160  122    4
   37  161  120    7
   38  163  123    5
   39  162  121    6
   40  156  130    8
   41  157  128   11
   42  159  131    9
   43  158  129   10
   44  164  126    0
   45  165  124    3
   46  167  127    1
   47  166  125    2
   48  100  158   76
   49  101  156   79
   50  103  159   77
   51  102  157   78
   52   96  166   80
   53   97  164   83
   54   99  167   81
   55   98  165   82
   56  104  162   72
   57  105  160   75
   58  107  163   73
   59  106  161   74
   60  112  146   88
   61  113  144   91
   62  115  147   89
   63  114  145   90
   64  108  154   92
   65  109  152   95
   66  111  155   93
   67  110  153   94
   68  116  150   84
   69  117  148   87
   70  119  151   85
   71  118  149   86
   72  124  182   64
   73  125  180   67
   74  127  183   65
   75  126  181   66
   76  120  190   68
   77  121  188   71
   78  123  191   69
   79  122  189   70
   80  128  186   60
   81  129  184   63
   82  131  187   61
   83  130  185   62
   84  136  170   52
   85  137  168   55
   86  139  171   53
   87  138  169   54
   88  132  178   56
   89  133  176   59
   90  135  179   57
   91  134  177   58
   92  140  174   48
   93  141  172   51
   94  143  175   49
   95  142  173   50
   96    4   62  124
   97    5   60  127
   98    7   63  125
   99    6   61  126
  100    0   70  128
  101    1   68  131
  102    3   71  129
  103    2   69  130
  104    8   66  120
  105    9   64  123
  106   11   67  121
  107   10   65  122
  108   16   50  136
  109   17   48  139
  110   19   51  137
  111   18   49  138
  112   12   58  140
  113   13   56  143
  114   15   59  141
  115   14   57  142
  116   20   54  132
  117   21   52  135
  118   23   55  133
  119   22   53  134
  120   28   86  112
  121   29   84  115
  122   31   87  113
  123   30   85  114
  124   24   94  116
  125   25   92  119
  126   27   95  117
  127   26   93  118
  128   32   90  108
  129   33   88  111
  130   35   91  109
  131   34   89  110
  132   40   74  100
  133   41   72  103
  134   43   75  101
  135   42   73  102
  136   36   82  104
  137   37   80  107
  138   39   83  105
  139   38   81  106
  140   44   78   96
  141   45   76   99
  142   47   79   97
  143   46   77   98
  144   52   38  172
  145   53   36  175
  146   55   39  173
  147   54   37  174
  148   48   46  176
  149   49   44  179
  150   51   47  177
  151   50   45  178
  152   56   42  168
  153   57   40  171
  154   59   43  169
  155   58   41  170
  156   64   26  184
  157   65   24  187
  158   67   27  185
  159   66   25  186
  160   60   34  188
  161   61   32  191
  162   63   35  189
  163   62   33  190
  164   68   30  180
  165   69   28  183
  166   71   31  181
  167   70   29  182
  168   76    2  160
  169   77    0  163
  170   79    3  161
  171   78    1  162
  172   72   10  164
  173   73    8  167
  174   75   11  165
  175   74    9  166
  176   80    6  156
  177   81    4  159
  178   83    7  157
  179   82    5  158
  180   88   14  148
  181   89   12  151
  182   91   15  149
  183   90   13  150
  184   84   22  152
  185   85   20  155
  186   87   23  153
  187   86   21  154
  188   92   18  144
  189   93   16  147
  190   95   19  145
  191   94   17  146