     33     17    199     68
     38     23    197     74
      3     26    208     77
      2     40    209     50
     41     29    203     47
      6     32    206     82
      5     43    182     55
      8     34    216     84
      7      9    217     57
      8     24    190     58
     11     37    212     52
     10     44    185     53
     13     39    214     87
     12     14    187     63
     13     30    188     64
     16     40    221     88
     15     17    222     66
     16      0    198     67
     19     42    219     60
     18     20    192     61
     19     35    193     62
     22     43    220     89
     21     23    195     72
     22      1    196     73
      9     25    191     59
     24     26    224     75
     25      2    207     76
     28     44    223     69
     27     29    201     70
     28      4    202     71
     14     31    189     65
     30     32    204     80
     31      5    205     81
      0     34    200     46
     33      7    215     83
     20     36    194     45
     35     37    210     78
     36     10    211     79
      1     39    180     49
     38     12    213     86
      3     15    184     51
      4     42    181     48
     41     18    218     85
      6     21    183     56
     11     27    186     54
    251    144    114     35
    257    149    120     33
    259    152     90      4
    232    135    123     41
    262    155    125     38
    264    158     91      3
    237    136    128     40
    265    161     92     10
    240    137     93     11
    241    138    130     44
    267    164     94      6
    243    139    131     43
    268    167     95      8
    246    140     96      9
    247    141    133     24
    234    169     97     18
    249    142     98     19
    250    143     99     20
    269    172    100     13
    252    145    101     14
    253    146    134     30
    239    174    102     16
    255    147    103     17
    256    148    104      0
    242    175    105     27
    225    150    106     28
    258    151    107     29
    245    177    108     22
    260    153    109     23
    261    154    110      1
    248    178    111     25
    226    156    112     26
    263    157    113      2
    227    159    115     36
    228    160    116     37
    254    179    117     31
    229    162    118     32
    266    163    119      5
    230    165    121     34
    231    166    122      7
    233    168    124     42
    235    170    126     39
    236    171    127     12
    238    173    129     15
    244    176    132     21
    120    119    185     47
    125     92    190     50
     91    127    192     52
    128    100    193     53
    123     95    188     55
     94     97    198     57
    131     98    199     58
     95    132    201     60
     96    108    202     61
    133    109    203     62
     93    102    196     63
    130    103    197     64
    100    105    207     66
    101    106    208     67
    134    107    209     68
    102    134    210     69
    103    117    211     70
    104    118    212     71
     98    111    205     72
     99    112    206     73
    114    113    182     74
    108    114    215     75
    109    115    216     76
    110    116    217     77
    110    111    181     45
    112    125    218     78
    113    126    219     79
    106    120    213     80
    107    121    214     81
     90    122    187     82
     90    117    184     46
    118    123    221     83
    119    124    222     84
     94    121    186     48
    122    131    223     85
     91    115    183     49
    116    128    220     86
     92    129    195     87
     93    126    191     51
    127    130    224     88
    101    129    194     54
     96    124    189     56
     97    133    204     89
     99    132    200     59
    104    105    180     65
    199     48    170    158
    197     51    168    164
    208     53    139    167
    209     54    176    140
    203     56    137    173
    206     58    138    172
    182     59    175    145
    216     61    145    174
    217     62    146    147
    190     45    179    148
    212     64    142    141
    185     65    143    178
    214     67    143    177
    187     68    144    153
    188     46    159    154
    221     70    153    178
    222     71    154    156
    198     47    155    157
    219     73    150    148
    192     74    151    149
    193     49    152    165
    220     76    151    179
    195     77    152    162
    196     50    135    163
    191     78    149    162
    224     79    163    165
    207     52    164    166
    223     81    159    157
    201     82    160    158
    202     55    161    136
    189     83    155    160
    204     84    161    170
    205     57    137    171
    200     85    136    171
    215     60    172    173
    194     86    135    166
    210     87    168    167
    211     63    169    140
    180     88    139    169
    213     66    142    176
    184     69    141    177
    181     89    138    174
    218     72    175    147
    183     75    146    150
    186     80    144    156
    173    266    134     38
    176    265    114     41
    141    236    110      6
    178    269    125     43
    175    268    120     40
    146    234     90     11
    179    249    123     44
    148    244    119     13
    149    245     94     14
    165    260    131     30
    144    239     91      9
    159    255    128     24
    154    242     92     19
    155    225     93     20
    170    258    130     35
    157    253    127     22
    158    254    100     23
    136    229    101      1
    152    248     95     17
    135    226     96      0
    168    263    133     33
    163    251     97     28
    164    227     98     29
    139    228     99      4
    166    261    132     31
    167    262    108     32
    140    235    109      5
    161    257    102     26
    137    230    103      2
    138    231    104      3
    171    259    105     36
    172    232    106     37
    145    233    107     10
    174    267    117     39
    147    243    118     12
    169    264    111     34
    142    237    112      7
    143    238    113      8
    177    240    115     42
    153    241    116     18
    156    252    126     21
    150    246    121     15
    151    247    122     16
    162    250    124     27
    160    256    129     25
    231    236    193     70
    236    234    199     76
    238    244    202     78
    239    245    203     79
    234    239    197     81
    244    242    208     83
    245    225    209     84
    247    253    211     48
    248    254    212     85
    229    226    185     60
    242    248    206     86
    226    225    182     87
    253    251    216     51
    254    227    217     88
    228    229    190     66
    256    261    218     53
    257    262    219     54
    235    230    192     69
    251    257    214     56
    230    227    187     89
    231    228    188     72
    261    259    221     58
    262    232    222     59
    233    235    198     75
    263    266    186     61
    264    267    223     62
    243    237    201     45
    259    264    220     64
    237    232    195     65
    238    233    196     80
    266    265    191     67
    267    240    224     68
    241    243    207     46
    268    269    194     71
    252    246    210     47
    265    268    189     73
    246    240    204     74
    247    241    205     49
    269    249    200     77
    250    252    215     50
    260    255    181     52
    255    249    180     82
    256    250    213     55
    258    260    184     57
    263    258    183     63