    1   13   17   42   62   72   85   89   99  134  139
    0    2   20   31   35   73   80   86  101  107  114
    1    7   46   53   55   83  100  112  116  127  131
   11   13   16   48   53   64  113  114  115  136  145
   30   46   54   67   91   92   95   96  101  139  147
   16   26   32   34   36   43   55   70   86   96  106
   13   21   28   33   36   93   97  116  117  135  137
    2   12   36   47   72   74   76   77  113  130  150
   18   20   29   38   46   66   70   84   88  109  137
   25   27   38   50   55   76   97   98  115  142  146
   25   72   79   90   95  106  111  117  131  136  144
    3   12   24   54   84   85   86   90  102  116  122
    7   11   26   29   39   94  104  107  121  133  139
    0    3    6   29   45   49   95  129  130  151  153
   30   35   62   65   69   84   94   98  128  129  145
   26   40   41   46   62   68   78  105  114  138  151
    3    5   25   62   63   75   77   88  121  147  148
    0   23   24   39   48   56   70  105  117  128  147
    8   25   36   49   52   53   61   78   87   89  128
   34   45   54   72   75   82  100  107  115  128  137
    1    8   21   63   65   90   96  104  115  119  130
    6   20   24   69   76  106  125  127  138  139  148
   51   55   80   85   93  118  121  126  128  130  136
   17   30   36   45   68  104  109  122  127  136  140
   11   17   21   43   46   51   59   77   82  110  120
    9   10   16   18   31   40   67   74   93   94  153
    5   12   15   42   61   67   80  112  115  117  120
    9   29   32   35   54   60   63  112  132  136  138
    6   31   46   56   60   75   89   90   98  108  133
    8   12   13   27   41   51  100  103  106  140  149
    4   14   23   41   43   49  111  115  116  118  150
    1   25   28   39   44   54   57   66   69  141  151
    5   27   33   39   40   84  101  108  119  125  150
    6   32   66   68   74   87  110  115  121  131  134
    5   19   35   44   46   48   79   81   85  149  153
    1   14   27   34   59   61  105  109  113  121  144
    5    6    7   18   23   51   54   65  114  123  146
   39   46   52   86   93   99  115  129  132  140  148
    8    9   75   99  101  113  118  120  131  135  151
   12   17   31   32   37   53   65   81   95  118  137
   15   25   32   56   99  103  109  116  130  143  145
   15   29   30   55   59   64   72   87  123  125  135
    0   26   54   58   77   81   93   98  109  111  125
    5   24   30   66   78  100  113  132  133  143  152
   31   34   52   64   83   97  102  111  120  130  139
   13   19   23   52   66   71   77   90   94  101  138
    2    4    8   15   24   28   34   37   50  134  136
    7   63   69   89  101  105  110  111  140  143  153
    3   17   34   57   78   80   94  103  123  131  150
   13   18   30   50   81  105  107  108  131  141  148
    9   46   49   57   65   71   73  102  121  125  143
   22   24   29   36   57   62   81   83  101  115  124
   18   37   44   45   62   80  106  110  113  116  142
    2    3   18   39   96   98  120  124  138  143  149
    4   11   19   27   31   36   42  126  129  131  143
    2    5    9   22   41   90  110  129  137  139  141
   17   28   40   71   87   96  107  111  112  113  129
   31   48   50   51   61   68   72   92  116  119  132
   42   59   73   75   76   78   96  116  136  141  153
   24   35   41   58   71   88   89   92  130  131  146
   27   28   67   70   72   78   83  104  110  118  145
   18   26   35   57   64   76   90  118  140  147  152
    0   14   15   16   51   52   76   91  104  131  137
   16   20   27   47   71   95  116  120  123  128  134
    3   41   44   61   65   70   93  101  127  133  134
   14   20   36   39   50   64   75   85  103  110  112
    8   31   33   43   45   76   79  105  112  123  145
    4   25   26   60   85  113  119  123  124  127  137
   15   23   33   57   86   88   98  100  126  139  153
   14   21   31   47   70   87   99  100  124  136  142
    5    8   17   60   64   69   74   91  116  126  144
   45   50   56   59   63   84   93  114  139  149  152
    0    7   10   19   41   57   60   84  120  142  148
    1   50   58   87  106  120  126  137  145  147  150
    7   25   33   70   80   81   92  102  129  138  152
   16   19   28   38   58   65   80  105  124  132  139
    7    9   21   58   61   62   66   86   95  108  149
    7   16   24   42   45   87   97  103  118  119  144
   15   18   43   48   58   60   97  101  121  122  129
   10   34   66   89  104  114  116  124  125  129  147
    1   22   26   48   52   74   75   84   95  143  146
   34   39   42   49   51   74   90  127  135  142  145
   19   24   95   98  112  114  121  135  140  141  150
    2   44   51   60   88   94   95   99  105  125  152
    8   11   14   32   71   72   80   97  127  147  153
    0   11   22   34   65   67   87   88  108  138  140
    1    5   11   37   68   76  103  111  124  128  135
   18   33   41   56   69   73   77   85   95  104  132
    8   16   59   68   83   85  107  117  142  143  150
    0   18   28   47   59   79  102  103  115  126  127
   10   11   20   28   45   55   61   81   91   99  150
    4   62   70   90  103  107  120  125  132  146  153
    4   57   59   74   97   99  104  106  108  112  128
    6   22   25   37   42   64   71  100  104  105  150
   12   14   25   45   48   83   96  108  126  134  135
    4   10   13   39   63   76   80   82   83   87  109
    4    5   20   53   56   58   94  102  140  142  151
    6    9   44   77   78   84   92  107  124  126  140
    9   14   28   42   53   68   82  106  123  130  152
    0   37   38   40   69   83   90   92  121  123  149
    2   19   29   43   68   69   93  102  108  146  147
    1    4   32   38   45   47   51   64   78  117  148
   11   44   50   74   89   96  100  109  117  118  123
   29   40   48   65   77   86   89   91  141  142  152
   12   20   23   60   62   79   87   92   93  141  143
   15   17   35   47   49   66   75   83   93  106  119
    5   10   21   29   52   73   92   98  105  118  134
    1   12   19   49   56   88   91   97  110  123  136
   28   32   49   76   85   92   94  100  114  120  144
    8   23   35   40   42   95  102  110  124  133  148
   24   33   47   52   55   60   65  107  109  149  151
   10   30   42   44   47   56   86  121  137  138  146
    2   26   27   56   65   66   82   92  122  148  153
    3    7   35   38   43   52   56   67  125  126  141
    1    3   15   36   71   79   82  108  118  132  142
    3    9   19   20   26   30   33   37   51   89  144
    2    6   11   30   40   52   57   58   63   70   79
    6   10   17   26   88  101  102  132  141  145  149
   22   30   38   39   60   61   77  102  106  114  153
   20   32   57   67   77  105  129  133  135  146  149
   24   26   38   44   53   63   72   73   91  108  129
   12   16   22   33   35   50   78   82   99  111  127
   11   23   78  112  125  130  134  137  142  144  149
   36   41   48   63   66   67   98   99  102  107  144
   51   53   67   69   75   79   86   97  109  134  150
   21   32   41   42   50   79   83   91  113  122  128
   22   54   68   70   73   89   94   97  113  148  149
    2   21   23   64   67   81   84   89  121  132  151
   14   17   18   19   22   63   86   92  125  133  151
   13   14   37   54   55   56   74   78   79  119  120
    7   13   20   22   40   44   59   98  122  132  147
    2   10   33   38   48   49   54   59   62  133  140
   27   37   43   57   75   87   91  114  117  127  130
   12   28   43   64  109  119  128  131  138  142  153
    0   33   46   63   64   94  106  122  124  141  146
    6   38   41   81   82   86   94  119  136  143  147
    3   10   22   23   27   46   58   69  107  135  152
    6    8   19   39   55   62   67   73  111  122  152
   15   21   27   45   53   74   85  111  133  141  147
    0    4   12   21   44   55   68   71   75  144  145
   23   29   37   47   61   82   85   96   97  131  145
   31   49   55   58   82  103  104  113  117  134  138
    9   52   69   72   81   88   96  103  114  122  133
   40   43   47   50   53   54   80   88  104  135  144
   10   35   70   77  108  115  122  123  139  143  151
    3   14   40   60   66   73   81  117  139  140  146
    9   36   59   80   91  100  111  119  134  145  148
    4   16   17   61   73   79   84  100  130  135  138
   16   21   37   49   72  101  109  112  126  146  152
   29   34   53   71   76   99  110  117  119  122  126
    7   30   32   48   73   82   88   90   93  124  151
   13   15   31   38   96  110  127  128  144  150  152
   43   61   71   74   83   98  103  136  137  148  151
   13   25   34   47   58   68   84   91  112  118  133