  115  282  126
  142  267  118
  118  275  136
  128  259  137
  129  272  112
  130  287  100
  137  270  129
  123  279  131
  135  280  105
  120  242  133
  131  249  142
  105  261  123
  133  285  107
  138  273  125
  139  274  109
  140  283   96
  102  271  111
  112  281  138
  125  256  115
  109  244  140
  136  286  117
   98  250  141
  106  251  119
  134  252  104
  117  262  135
  141  263  120
  119  276   98
  104  260  122
  143  284   99
  113  246  124
  114  257  101
  126  269  128
   96  253  143
   99  240  130
  124  255  114
  107  264  132
  108  265  116
  121  266   97
  132  277  106
  116  241  134
   97  247  108
  127  258  110
  100  243  139
  101  268  127
  110  245  102
  122  278  103
  103  248  121
  111  254  113
  140  339  173
  121  356  179
  119  360  190
  143  340  174
  130  349  185
  114  350  147
  110  353  176
  122  337  153
  134  343  165
  135  371  189
  132  338  171
  133  346  183
   97  374  168
  139  336  160
  127  351  148
  102  364  157
  129  365  158
  111  354  177
  124  367  186
  125  368  187
  108  344  166
  136  345  167
  142  357  180
  106  381  164
  141  347  184
  103  348  146
  104  361  154
  105  382  182
  113  341  144
  138  366  159
  115  377  172
  101  342  163
  126  369  188
  137  378  191
   99  379  161
  123  358  181
  107  359  145
  120  372  151
  116  362  155
  117  363  156
  118  375  169
  128  352  149
  112  355  178
  100  380  162
  109  383  175
   98  373  152
  131  376  170
   96  370  150
   15   32   95
   37   40   60
   26   21   93
   28   33   82
    5   42   91
   30   43   79
   44   16   63
   45   46   73
   23   27   74
    8   11   75
   38   22   71
   12   35   84
   40   36   68
   14   19   92
   41   44   54
   16   47   65
    4   17   90
   47   29   76
   34   30   53
   18    0   78
   36   39   86
   20   24   87
    1    2   88
   22   26   50
   25    9   85
   46   37   49
   27   45   55
   11    7   83
   29   34   66
   13   18   67
    0   31   80
   43   41   62
   31    3   89
    6    4   64
   33    5   52
    7   10   94
   35   38   58
    9   12   59
   39   23   56
   24    8   57
    2   20   69
    3    6   81
   17   13   77
   42   14   61
   19   15   48
   21   25   72
   10    1   70
   32   28   51
  261   76  199
  269   84  195
  282   73  223
  262   53  200
  275   62  212
  276   89  213
  286   95  216
  270   85  196
  281   93  205
  243   55  206
  259   74  198
  272   86  209
  287   87  234
  249   63  193
  277   64  214
  285   77  227
  247   61  228
  267   82  194
  279   91  202
  264   79  230
  256   71  192
  244   56  207
  253   68  220
  254   69  221
  273   60  210
  274   88  211
  283   94  224
  271   58  239
  263   78  201
  248   48  229
  260   51  237
  280   92  203
  242   54  204
  250   65  217
  278   90  238
  240   49  197
  255   70  222
  268   83  233
  284   75  225
  246   59  226
  257   72  235
  241   52  215
  251   66  218
  252   67  219
  265   80  231
  245   57  208
  258   50  236
  266   81  232
  312  164  362
  306  157  383
  301  161  341
  290  145  374
  298  151  348
  326  179  376
  289  154  381
  319  144  370
  294  147  379
  321  172  367
  288  162  350
  291  175  351
  316  176  352
  299  152  361
  300  153  382
  313  165  363
  334  189  347
  295  155  359
  296  168  372
  297  169  356
  305  148  380
  330  149  342
  307  158  353
  332  185  378
  292  150  364
  293  177  365
  302  186  366
  329  187  336
  314  166  375
  315  167  360
  327  180  338
  308  146  373
  309  170  337
  310  182  343
  311  183  371
  320  159  354
  335  160  355
  322  173  368
  303  163  377
  304  188  339
  317  191  340
  328  181  346
  323  156  344
  324  184  345
  325  190  357
  331  174  369
  318  178  349
  333  171  358
  179   33  289
  185   39  292
  176    9  294
  153   42  295
  165   19  296
  189   44  297
  183   29  299
  160   40  301
  173   46  288
  157   10  303
  177   21  305
  186   22  306
  187   23  307
  166   32  308
  167   47  309
  180   34  310
  164   18  311
  184   30  312
  190   41  290
  154    3  314
  174   27  291
  144   11  316
  147   24  293
  172   25  318
  163   35  319
  188   36  320
  191   37  321
  161    1  322
  181   43  323
  145   31  324
  151    6  325
  171   16  298
  155    4  326
  168   13  300
  169   14  328
  148    2  302
  149   26  329
  158   38  304
  178   45  330
  162    7  331
  175    8  332
  152   17  333
  146    0  313
  170   15  334
  182   28  315
  159   12  317
  150   20  335
  156    5  327
  202  248  360
  198  240  354
  195  258  349
  203  260  338
  216  241  346
  217  262  374
  200  242  337
  209  243  367
  210  244  342
  211  245  369
  196  271  336
  205  246  339
  206  273  364
  194  247  347
  218  275  348
  230  249  361
  231  277  382
  212  250  343
  193  251  344
  214  252  345
  223  253  353
  224  254  378
  225  255  355
  226  256  380
  192  257  340
  207  282  341
  220  259  350
  221  284  377
  204  261  362
  232  285  363
  238  263  375
  199  264  356
  227  265  357
  201  266  358
  229  267  359
  234  268  368
  235  269  383
  236  270  370
  197  272  351
  222  287  352
  233  274  365
  219  276  376
  213  278  371
  237  279  372
  215  280  373
  239  281  379
  208  283  366
  228  286  381
  298   61  219
  294   55  224
  291   58  222
  299   48  231
  312   51  232
  313   76  194
  296   79  213
  305   56  225
  306   68  234
  307   69  235
  292   59  233
  301   72  208
  302   73  196
  290   52  238
  314   53  202
  326   62  203
  327   89  204
  308   54  214
  289   65  227
  310   90  228
  319   49  211
  320   70  236
  321   83  239
  322   84  209
  288   50  221
  303   74  205
  316   86  192
  317   87  207
  300   63  216
  328   64  217
  334   77  218
  295   66  201
  323   67  229
  297   80  237
  325   95  199
  330   57  226
  331   85  210
  332   93  223
  293   60  195
  318   88  220
  329   94  197
  315   78  230
  309   81  215
  333   82  200
  311   91  212
  335   71  198
  304   75  206
  324   92  193