   22   14   21   64
   50   26   24    7
   43   42   19   12
   49    4   44   56
    3   18   33   34
   29   40   65   42
   37   27   62   26
    1   11   10   12
   62   38   12   21
   53   36   12   44
   60   32    7   49
   65   28    7   22
    2    8    9    7
   33   41   60   42
    0   47   29   37
   34   25   53   26
   56   47   46   59
   36   48   32   66
   62   65   48    4
   56    2   20   39
   19   54   22   25
   23   52    0    8
   20   61    0   11
   24   58   21   41
   56    1   23   30
   57   15   20   63
   66    1    6   15
   59    6   45   61
   46   11   35   55
    5   63   30   14
   36   29   24   35
   38   33   50   39
   17   10   39   52
   13   61   31    4
   15   52   35    4
   28   34   43   30
   17    9   30   61
    6   55   39   14
   46    8   31   63
   32   37   19   31
   59    5   51   52
   57   13   23   55
   66    2    5   13
   64    2   45   35
   51   55    3    9
   43   58   49   27
   38   16   28   66
   53   60   16   14
   64   18   17   57
   45   63    3   10
   64    1   51   31
   50   54   44   40
   34   40   21   32
    9   47   15   58
   51   20   62   60
   37   41   44   28
   16   24   19    3
   48   59   25   41
   23   45   53   65
   16   57   27   40
   10   47   13   54
   33   27   22   36
    8   18    6   54
   29   25   49   38
   48   50   43    0
   11   18    5   58
   26   42   17   46