 2087 1222 1958
 2088 1223 1959
 2089 1207 1960
 2090 1208 1961
 2074 1209 1962
 2075 1210 1963
 2076 1211 1964
 2077 1212 1965
 2078 1213 1966
 2079 1214 1967
 2080 1215 1968
 2081 1216 1969
 2082 1217 1970
 2083 1218 1971
 2084 1219 1955
 2085 1220 1956
 2086 1221 1957
 2104 1205 1941
 2105 1206 1942
 2106 1190 1943
 2107 1191 1944
 2091 1192 1945
 2092 1193 1946
 2093 1194 1947
 2094 1195 1948
 2095 1196 1949
 2096 1197 1950
 2097 1198 1951
 2098 1199 1952
 2099 1200 1953
 2100 1201 1954
 2101 1202 1938
 2102 1203 1939
 2103 1204 1940
 2061 1158 1918
 2062 1159 1919
 2063 1160 1920
 2064 1161 1904
 2065 1162 1905
 2066 1163 1906
 2067 1164 1907
 2068 1165 1908
 2069 1166 1909
 2070 1167 1910
 2071 1168 1911
 2072 1169 1912
 2073 1170 1913
 2057 1171 1914
 2058 1172 1915
 2059 1156 1916
 2060 1157 1917
 2044 1175 1935
 2045 1176 1936
 2046 1177 1937
 2047 1178 1921
 2048 1179 1922
 2049 1180 1923
 2050 1181 1924
 2051 1182 1925
 2052 1183 1926
 2053 1184 1927
 2054 1185 1928
 2055 1186 1929
 2056 1187 1930
 2040 1188 1931
 2041 1189 1932
 2042 1173 1933
 2043 1174 1934
 2158 1096 2028
 2142 1097 2029
 2143 1098 2030
 2144 1099 2031
 2145 1100 2032
 2146 1101 2033
 2147 1102 2034
 2148 1103 2035
 2149 1104 2036
 2150 1088 2037
 2151 1089 2038
 2152 1090 2039
 2153 1091 2023
 2154 1092 2024
 2155 1093 2025
 2156 1094 2026
 2157 1095 2027
 2175 1113 2011
 2159 1114 2012
 2160 1115 2013
 2161 1116 2014
 2162 1117 2015
 2163 1118 2016
 2164 1119 2017
 2165 1120 2018
 2166 1121 2019
 2167 1105 2020
 2168 1106 2021
 2169 1107 2022
 2170 1108 2006
 2171 1109 2007
 2172 1110 2008
 2173 1111 2009
 2174 1112 2010
 2126 1131 1984
 2127 1132 1985
 2128 1133 1986
 2129 1134 1987
 2130 1135 1988
 2131 1136 1972
 2132 1137 1973
 2133 1138 1974
 2134 1122 1975
 2135 1123 1976
 2136 1124 1977
 2137 1125 1978
 2138 1126 1979
 2139 1127 1980
 2140 1128 1981
 2141 1129 1982
 2125 1130 1983
 2109 1148 2001
 2110 1149 2002
 2111 1150 2003
 2112 1151 2004
 2113 1152 2005
 2114 1153 1989
 2115 1154 1990
 2116 1155 1991
 2117 1139 1992
 2118 1140 1993
 2119 1141 1994
 2120 1142 1995
 2121 1143 1996
 2122 1144 1997
 2123 1145 1998
 2124 1146 1999
 2108 1147 2000
 2021 1359 2101
 2022 1343 2102
 2006 1344 2103
 2007 1345 2104
 2008 1346 2105
 2009 1347 2106
 2010 1348 2107
 2011 1349 2091
 2012 1350 2092
 2013 1351 2093
 2014 1352 2094
 2015 1353 2095
 2016 1354 2096
 2017 1355 2097
 2018 1356 2098
 2019 1357 2099
 2020 1358 2100
 2038 1342 2084
 2039 1326 2085
 2023 1327 2086
 2024 1328 2087
 2025 1329 2088
 2026 1330 2089
 2027 1331 2090
 2028 1332 2074
 2029 1333 2075
 2030 1334 2076
 2031 1335 2077
 2032 1336 2078
 2033 1337 2079
 2034 1338 2080
 2035 1339 2081
 2036 1340 2082
 2037 1341 2083
 1991 1293 2047
 1992 1294 2048
 1993 1295 2049
 1994 1296 2050
 1995 1297 2051
 1996 1298 2052
 1997 1299 2053
 1998 1300 2054
 1999 1301 2055
 2000 1302 2056
 2001 1303 2040
 2002 1304 2041
 2003 1305 2042
 2004 1306 2043
 2005 1307 2044
 1989 1308 2045
 1990 1292 2046
 1974 1310 2064
 1975 1311 2065
 1976 1312 2066
 1977 1313 2067
 1978 1314 2068
 1979 1315 2069
 1980 1316 2070
 1981 1317 2071
 1982 1318 2072
 1983 1319 2073
 1984 1320 2057
 1985 1321 2058
 1986 1322 2059
 1987 1323 2060
 1988 1324 2061
 1972 1325 2062
 1973 1309 2063
 1929 1228 2170
 1930 1229 2171
 1931 1230 2172
 1932 1231 2173
 1933 1232 2174
 1934 1233 2175
 1935 1234 2159
 1936 1235 2160
 1937 1236 2161
 1921 1237 2162
 1922 1238 2163
 1923 1239 2164
 1924 1240 2165
 1925 1224 2166
 1926 1225 2167
 1927 1226 2168
 1928 1227 2169
 1912 1245 2153
 1913 1246 2154
 1914 1247 2155
 1915 1248 2156
 1916 1249 2157
 1917 1250 2158
 1918 1251 2142
 1919 1252 2143
 1920 1253 2144
 1904 1254 2145
 1905 1255 2146
 1906 1256 2147
 1907 1257 2148
 1908 1241 2149
 1909 1242 2150
 1910 1243 2151
 1911 1244 2152
 1964 1271 2114
 1965 1272 2115
 1966 1273 2116
 1967 1274 2117
 1968 1258 2118
 1969 1259 2119
 1970 1260 2120
 1971 1261 2121
 1955 1262 2122
 1956 1263 2123
 1957 1264 2124
 1958 1265 2108
 1959 1266 2109
 1960 1267 2110
 1961 1268 2111
 1962 1269 2112
 1963 1270 2113
 1947 1288 2131
 1948 1289 2132
 1949 1290 2133
 1950 1291 2134
 1951 1275 2135
 1952 1276 2136
 1953 1277 2137
 1954 1278 2138
 1938 1279 2139
 1939 1280 2140
 1940 1281 2141
 1941 1282 2125
 1942 1283 2126
 1943 1284 2127
 1944 1285 2128
 1945 1286 2129
 1946 1287 2130
  724 1781 1104
  725 1782 1088
  726 1783 1089
  727 1784 1090
  728 1768 1091
  729 1769 1092
  730 1770 1093
  714 1771 1094
  715 1772 1095
  716 1773 1096
  717 1774 1097
  718 1775 1098
  719 1776 1099
  720 1777 1100
  721 1778 1101
  722 1779 1102
  723 1780 1103
  741 1798 1121
  742 1799 1105
  743 1800 1106
  744 1801 1107
  745 1785 1108
  746 1786 1109
  747 1787 1110
  731 1788 1111
  732 1789 1112
  733 1790 1113
  734 1791 1114
  735 1792 1115
  736 1793 1116
  737 1794 1117
  738 1795 1118
  739 1796 1119
  740 1797 1120
  704 1806 1123
  705 1807 1124
  706 1808 1125
  707 1809 1126
  708 1810 1127
  709 1811 1128
  710 1812 1129
  711 1813 1130
  712 1814 1131
  713 1815 1132
  697 1816 1133
  698 1817 1134
  699 1818 1135
  700 1802 1136
  701 1803 1137
  702 1804 1138
  703 1805 1122
  687 1823 1140
  688 1824 1141
  689 1825 1142
  690 1826 1143
  691 1827 1144
  692 1828 1145
  693 1829 1146
  694 1830 1147
  695 1831 1148
  696 1832 1149
  680 1833 1150
  681 1834 1151
  682 1835 1152
  683 1819 1153
  684 1820 1154
  685 1821 1155
  686 1822 1139
  793 1852 1160
  794 1836 1161
  795 1837 1162
  796 1838 1163
  797 1839 1164
  798 1840 1165
  782 1841 1166
  783 1842 1167
  784 1843 1168
  785 1844 1169
  786 1845 1170
  787 1846 1171
  788 1847 1172
  789 1848 1156
  790 1849 1157
  791 1850 1158
  792 1851 1159
  810 1869 1177
  811 1853 1178
  812 1854 1179
  813 1855 1180
  814 1856 1181
  815 1857 1182
  799 1858 1183
  800 1859 1184
  801 1860 1185
  802 1861 1186
  803 1862 1187
  804 1863 1188
  805 1864 1189
  806 1865 1173
  807 1866 1174
  808 1867 1175
  809 1868 1176
  771 1871 1203
  772 1872 1204
  773 1873 1205
  774 1874 1206
  775 1875 1190
  776 1876 1191
  777 1877 1192
  778 1878 1193
  779 1879 1194
  780 1880 1195
  781 1881 1196
  765 1882 1197
  766 1883 1198
  767 1884 1199
  768 1885 1200
  769 1886 1201
  770 1870 1202
  754 1888 1220
  755 1889 1221
  756 1890 1222
  757 1891 1223
  758 1892 1207
  759 1893 1208
  760 1894 1209
  761 1895 1210
  762 1896 1211
  763 1897 1212
  764 1898 1213
  748 1899 1214
  749 1900 1215
  750 1901 1216
  751 1902 1217
  752 1903 1218
  753 1887 1219
  651 1715 1232
  652 1716 1233
  653 1700 1234
  654 1701 1235
  655 1702 1236
  656 1703 1237
  657 1704 1238
  658 1705 1239
  659 1706 1240
  660 1707 1224
  661 1708 1225
  662 1709 1226
  646 1710 1227
  647 1711 1228
  648 1712 1229
  649 1713 1230
  650 1714 1231
  668 1732 1249
  669 1733 1250
  670 1717 1251
  671 1718 1252
  672 1719 1253
  673 1720 1254
  674 1721 1255
  675 1722 1256
  676 1723 1257
  677 1724 1241
  678 1725 1242
  679 1726 1243
  663 1727 1244
  664 1728 1245
  665 1729 1246
  666 1730 1247
  667 1731 1248
  641 1736 1267
  642 1737 1268
  643 1738 1269
  644 1739 1270
  645 1740 1271
  629 1741 1272
  630 1742 1273
  631 1743 1274
  632 1744 1258
  633 1745 1259
  634 1746 1260
  635 1747 1261
  636 1748 1262
  637 1749 1263
  638 1750 1264
  639 1734 1265
  640 1735 1266
  624 1753 1284
  625 1754 1285
  626 1755 1286
  627 1756 1287
  628 1757 1288
  612 1758 1289
  613 1759 1290
  614 1760 1291
  615 1761 1275
  616 1762 1276
  617 1763 1277
  618 1764 1278
  619 1765 1279
  620 1766 1280
  621 1767 1281
  622 1751 1282
  623 1752 1283
  575 1674 1294
  576 1675 1295
  577 1676 1296
  561 1677 1297
  562 1678 1298
  563 1679 1299
  564 1680 1300
  565 1681 1301
  566 1682 1302
  567 1666 1303
  568 1667 1304
  569 1668 1305
  570 1669 1306
  571 1670 1307
  572 1671 1308
  573 1672 1292
  574 1673 1293
  558 1691 1311
  559 1692 1312
  560 1693 1313
  544 1694 1314
  545 1695 1315
  546 1696 1316
  547 1697 1317
  548 1698 1318
  549 1699 1319
  550 1683 1320
  551 1684 1321
  552 1685 1322
  553 1686 1323
  554 1687 1324
  555 1688 1325
  556 1689 1309
  557 1690 1310
  598 1658 1341
  599 1659 1342
  600 1660 1326
  601 1661 1327
  602 1662 1328
  603 1663 1329
  604 1664 1330
  605 1665 1331
  606 1649 1332
  607 1650 1333
  608 1651 1334
  609 1652 1335
  610 1653 1336
  611 1654 1337
  595 1655 1338
  596 1656 1339
  597 1657 1340
  581 1641 1358
  582 1642 1359
  583 1643 1343
  584 1644 1344
  585 1645 1345
  586 1646 1346
  587 1647 1347
  588 1648 1348
  589 1632 1349
  590 1633 1350
  591 1634 1351
  592 1635 1352
  593 1636 1353
  594 1637 1354
  578 1638 1355
  579 1639 1356
  580 1640 1357
  962  496 1986
  963  497 1987
  964  498 1988
  965  499 1972
  966  500 1973
  967  501 1974
  968  502 1975
  952  503 1976
  953  504 1977
  954  505 1978
  955  506 1979
  956  507 1980
  957  508 1981
  958  509 1982
  959  493 1983
  960  494 1984
  961  495 1985
  979  479 2003
  980  480 2004
  981  481 2005
  982  482 1989
  983  483 1990
  984  484 1991
  985  485 1992
  969  486 1993
  970  487 1994
  971  488 1995
  972  489 1996
  973  490 1997
  974  491 1998
  975  492 1999
  976  476 2000
  977  477 2001
  978  478 2002
  993  541 2009
  994  542 2010
  995  543 2011
  996  527 2012
  997  528 2013
  998  529 2014
  999  530 2015
 1000  531 2016
 1001  532 2017
 1002  533 2018
  986  534 2019
  987  535 2020
  988  536 2021
  989  537 2022
  990  538 2006
  991  539 2007
  992  540 2008
 1010  524 2026
 1011  525 2027
 1012  526 2028
 1013  510 2029
 1014  511 2030
 1015  512 2031
 1016  513 2032
 1017  514 2033
 1018  515 2034
 1019  516 2035
 1003  517 2036
 1004  518 2037
 1005  519 2038
 1006  520 2039
 1007  521 2023
 1008  522 2024
 1009  523 2025
 1031  464 1950
 1032  465 1951
 1033  466 1952
 1034  467 1953
 1035  468 1954
 1036  469 1938
 1020  470 1939
 1021  471 1940
 1022  472 1941
 1023  473 1942
 1024  474 1943
 1025  475 1944
 1026  459 1945
 1027  460 1946
 1028  461 1947
 1029  462 1948
 1030  463 1949
 1048  447 1967
 1049  448 1968
 1050  449 1969
 1051  450 1970
 1052  451 1971
 1053  452 1955
 1037  453 1956
 1038  454 1957
 1039  455 1958
 1040  456 1959
 1041  457 1960
 1042  458 1961
 1043  442 1962
 1044  443 1963
 1045  444 1964
 1046  445 1965
 1047  446 1966
 1060  420 1926
 1061  421 1927
 1062  422 1928
 1063  423 1929
 1064  424 1930
 1065  408 1931
 1066  409 1932
 1067  410 1933
 1068  411 1934
 1069  412 1935
 1070  413 1936
 1054  414 1937
 1055  415 1921
 1056  416 1922
 1057  417 1923
 1058  418 1924
 1059  419 1925
 1077  437 1909
 1078  438 1910
 1079  439 1911
 1080  440 1912
 1081  441 1913
 1082  425 1914
 1083  426 1915
 1084  427 1916
 1085  428 1917
 1086  429 1918
 1087  430 1919
 1071  431 1920
 1072  432 1904
 1073  433 1905
 1074  434 1906
 1075  435 1907
 1076  436 1908
  889  333 2115
  890  334 2116
  891  335 2117
  892  336 2118
  893  337 2119
  894  338 2120
  895  339 2121
  896  323 2122
  897  324 2123
  898  325 2124
  899  326 2108
  900  327 2109
  884  328 2110
  885  329 2111
  886  330 2112
  887  331 2113
  888  332 2114
  906  316 2132
  907  317 2133
  908  318 2134
  909  319 2135
  910  320 2136
  911  321 2137
  912  322 2138
  913  306 2139
  914  307 2140
  915  308 2141
  916  309 2125
  917  310 2126
  901  311 2127
  902  312 2128
  903  313 2129
  904  314 2130
  905  315 2131
  930  279 2152
  931  280 2153
  932  281 2154
  933  282 2155
  934  283 2156
  918  284 2157
  919  285 2158
  920  286 2142
  921  287 2143
  922  288 2144
  923  272 2145
  924  273 2146
  925  274 2147
  926  275 2148
  927  276 2149
  928  277 2150
  929  278 2151
  947  296 2169
  948  297 2170
  949  298 2171
  950  299 2172
  951  300 2173
  935  301 2174
  936  302 2175
  937  303 2159
  938  304 2160
  939  305 2161
  940  289 2162
  941  290 2163
  942  291 2164
  943  292 2165
  944  293 2166
  945  294 2167
  946  295 2168
  864  402 2080
  865  403 2081
  866  404 2082
  850  405 2083
  851  406 2084
  852  407 2085
  853  391 2086
  854  392 2087
  855  393 2088
  856  394 2089
  857  395 2090
  858  396 2074
  859  397 2075
  860  398 2076
  861  399 2077
  862  400 2078
  863  401 2079
  881  385 2097
  882  386 2098
  883  387 2099
  867  388 2100
  868  389 2101
  869  390 2102
  870  374 2103
  871  375 2104
  872  376 2105
  873  377 2106
  874  378 2107
  875  379 2091
  876  380 2092
  877  381 2093
  878  382 2094
  879  383 2095
  880  384 2096
  836  346 2068
  837  347 2069
  838  348 2070
  839  349 2071
  840  350 2072
  841  351 2073
  842  352 2057
  843  353 2058
  844  354 2059
  845  355 2060
  846  356 2061
  847  340 2062
  848  341 2063
  849  342 2064
  833  343 2065
  834  344 2066
  835  345 2067
  819  363 2051
  820  364 2052
  821  365 2053
  822  366 2054
  823  367 2055
  824  368 2056
  825  369 2040
  826  370 2041
  827  371 2042
  828  372 2043
  829  373 2044
  830  357 2045
  831  358 2046
  832  359 2047
  816  360 2048
  817  361 2049
  818  362 2050
  813 1468 1308
  814 1469 1292
  815 1470 1293
  799 1471 1294
  800 1472 1295
  801 1473 1296
  802 1474 1297
  803 1475 1298
  804 1476 1299
  805 1477 1300
  806 1478 1301
  807 1462 1302
  808 1463 1303
  809 1464 1304
  810 1465 1305
  811 1466 1306
  812 1467 1307
  796 1485 1325
  797 1486 1309
  798 1487 1310
  782 1488 1311
  783 1489 1312
  784 1490 1313
  785 1491 1314
  786 1492 1315
  787 1493 1316
  788 1494 1317
  789 1495 1318
  790 1479 1319
  791 1480 1320
  792 1481 1321
  793 1482 1322
  794 1483 1323
  795 1484 1324
  751 1456 1327
  752 1457 1328
  753 1458 1329
  754 1459 1330
  755 1460 1331
  756 1461 1332
  757 1445 1333
  758 1446 1334
  759 1447 1335
  760 1448 1336
  761 1449 1337
  762 1450 1338
  763 1451 1339
  764 1452 1340
  748 1453 1341
  749 1454 1342
  750 1455 1326
  768 1439 1344
  769 1440 1345
  770 1441 1346
  771 1442 1347
  772 1443 1348
  773 1444 1349
  774 1428 1350
  775 1429 1351
  776 1430 1352
  777 1431 1353
  778 1432 1354
  779 1433 1355
  780 1434 1356
  781 1435 1357
  765 1436 1358
  766 1437 1359
  767 1438 1343
  692 1387 1262
  693 1388 1263
  694 1389 1264
  695 1390 1265
  696 1391 1266
  680 1392 1267
  681 1393 1268
  682 1377 1269
  683 1378 1270
  684 1379 1271
  685 1380 1272
  686 1381 1273
  687 1382 1274
  688 1383 1258
  689 1384 1259
  690 1385 1260
  691 1386 1261
  709 1370 1279
  710 1371 1280
  711 1372 1281
  712 1373 1282
  713 1374 1283
  697 1375 1284
  698 1376 1285
  699 1360 1286
  700 1361 1287
  701 1362 1288
  702 1363 1289
  703 1364 1290
  704 1365 1291
  705 1366 1275
  706 1367 1276
  707 1368 1277
  708 1369 1278
  719 1418 1254
  720 1419 1255
  721 1420 1256
  722 1421 1257
  723 1422 1241
  724 1423 1242
  725 1424 1243
  726 1425 1244
  727 1426 1245
  728 1427 1246
  729 1411 1247
  730 1412 1248
  714 1413 1249
  715 1414 1250
  716 1415 1251
  717 1416 1252
  718 1417 1253
  736 1401 1237
  737 1402 1238
  738 1403 1239
  739 1404 1240
  740 1405 1224
  741 1406 1225
  742 1407 1226
  743 1408 1227
  744 1409 1228
  745 1410 1229
  746 1394 1230
  747 1395 1231
  731 1396 1232
  732 1397 1233
  733 1398 1234
  734 1399 1235
  735 1400 1236
  551 1601 1130
  552 1602 1131
  553 1603 1132
  554 1604 1133
  555 1605 1134
  556 1606 1135
  557 1607 1136
  558 1608 1137
  559 1609 1138
  560 1610 1122
  544 1611 1123
  545 1612 1124
  546 1613 1125
  547 1614 1126
  548 1598 1127
  549 1599 1128
  550 1600 1129
  568 1618 1147
  569 1619 1148
  570 1620 1149
  571 1621 1150
  572 1622 1151
  573 1623 1152
  574 1624 1153
  575 1625 1154
  576 1626 1155
  577 1627 1139
  561 1628 1140
  562 1629 1141
  563 1630 1142
  564 1631 1143
  565 1615 1144
  566 1616 1145
  567 1617 1146
  588 1595 1114
  589 1596 1115
  590 1597 1116
  591 1581 1117
  592 1582 1118
  593 1583 1119
  594 1584 1120
  578 1585 1121
  579 1586 1105
  580 1587 1106
  581 1588 1107
  582 1589 1108
  583 1590 1109
  584 1591 1110
  585 1592 1111
  586 1593 1112
  587 1594 1113
  605 1578 1097
  606 1579 1098
  607 1580 1099
  608 1564 1100
  609 1565 1101
  610 1566 1102
  611 1567 1103
  595 1568 1104
  596 1569 1088
  597 1570 1089
  598 1571 1090
  599 1572 1091
  600 1573 1092
  601 1574 1093
  602 1575 1094
  603 1576 1095
  604 1577 1096
  618 1518 1192
  619 1519 1193
  620 1520 1194
  621 1521 1195
  622 1522 1196
  623 1523 1197
  624 1524 1198
  625 1525 1199
  626 1526 1200
  627 1527 1201
  628 1528 1202
  612 1529 1203
  613 1513 1204
  614 1514 1205
  615 1515 1206
  616 1516 1190
  617 1517 1191
  635 1501 1209
  636 1502 1210
  637 1503 1211
  638 1504 1212
  639 1505 1213
  640 1506 1214
  641 1507 1215
  642 1508 1216
  643 1509 1217
  644 1510 1218
  645 1511 1219
  629 1512 1220
  630 1496 1221
  631 1497 1222
  632 1498 1223
  633 1499 1207
  634 1500 1208
  657 1559 1188
  658 1560 1189
  659 1561 1173
  660 1562 1174
  661 1563 1175
  662 1547 1176
  646 1548 1177
  647 1549 1178
  648 1550 1179
  649 1551 1180
  650 1552 1181
  651 1553 1182
  652 1554 1183
  653 1555 1184
  654 1556 1185
  655 1557 1186
  656 1558 1187
  674 1542 1171
  675 1543 1172
  676 1544 1156
  677 1545 1157
  678 1546 1158
  679 1530 1159
  663 1531 1160
  664 1532 1161
  665 1533 1162
  666 1534 1163
  667 1535 1164
  668 1536 1165
  669 1537 1166
  670 1538 1167
  671 1539 1168
  672 1540 1169
  673 1541 1170
   77  273 1011
   78  274 1012
   79  275 1013
   80  276 1014
   81  277 1015
   82  278 1016
   83  279 1017
   84  280 1018
   68  281 1019
   69  282 1003
   70  283 1004
   71  284 1005
   72  285 1006
   73  286 1007
   74  287 1008
   75  288 1009
   76  272 1010
   94  290  994
   95  291  995
   96  292  996
   97  293  997
   98  294  998
   99  295  999
  100  296 1000
  101  297 1001
   85  298 1002
   86  299  986
   87  300  987
   88  301  988
   89  302  989
   90  303  990
   91  304  991
   92  305  992
   93  289  993
  110  322  961
  111  306  962
  112  307  963
  113  308  964
  114  309  965
  115  310  966
  116  311  967
  117  312  968
  118  313  952
  102  314  953
  103  315  954
  104  316  955
  105  317  956
  106  318  957
  107  319  958
  108  320  959
  109  321  960
  127  339  978
  128  323  979
  129  324  980
  130  325  981
  131  326  982
  132  327  983
  133  328  984
  134  329  985
  135  330  969
  119  331  970
  120  332  971
  121  333  972
  122  334  973
  123  335  974
  124  336  975
  125  337  976
  126  338  977
   49  353 1073
   50  354 1074
   34  355 1075
   35  356 1076
   36  340 1077
   37  341 1078
   38  342 1079
   39  343 1080
   40  344 1081
   41  345 1082
   42  346 1083
   43  347 1084
   44  348 1085
   45  349 1086
   46  350 1087
   47  351 1071
   48  352 1072
   66  370 1056
   67  371 1057
   51  372 1058
   52  373 1059
   53  357 1060
   54  358 1061
   55  359 1062
   56  360 1063
   57  361 1064
   58  362 1065
   59  363 1066
   60  364 1067
   61  365 1068
   62  366 1069
   63  367 1070
   64  368 1054
   65  369 1055
   19  378 1035
   20  379 1036
   21  380 1020
   22  381 1021
   23  382 1022
   24  383 1023
   25  384 1024
   26  385 1025
   27  386 1026
   28  387 1027
   29  388 1028
   30  389 1029
   31  390 1030
   32  374 1031
   33  375 1032
   17  376 1033
   18  377 1034
    2  395 1052
    3  396 1053
    4  397 1037
    5  398 1038
    6  399 1039
    7  400 1040
    8  401 1041
    9  402 1042
   10  403 1043
   11  404 1044
   12  405 1045
   13  406 1046
   14  407 1047
   15  391 1048
   16  392 1049
    0  393 1050
    1  394 1051
  217  417  939
  218  418  940
  219  419  941
  220  420  942
  204  421  943
  205  422  944
  206  423  945
  207  424  946
  208  408  947
  209  409  948
  210  410  949
  211  411  950
  212  412  951
  213  413  935
  214  414  936
  215  415  937
  216  416  938
  234  434  922
  235  435  923
  236  436  924
  237  437  925
  221  438  926
  222  439  927
  223  440  928
  224  441  929
  225  425  930
  226  426  931
  227  427  932
  228  428  933
  229  429  934
  230  430  918
  231  431  919
  232  432  920
  233  433  921
  242  450  897
  243  451  898
  244  452  899
  245  453  900
  246  454  884
  247  455  885
  248  456  886
  249  457  887
  250  458  888
  251  442  889
  252  443  890
  253  444  891
  254  445  892
  238  446  893
  239  447  894
  240  448  895
  241  449  896
  259  467  914
  260  468  915
  261  469  916
  262  470  917
  263  471  901
  264  472  902
  265  473  903
  266  474  904
  267  475  905
  268  459  906
  269  460  907
  270  461  908
  271  462  909
  255  463  910
  256  464  911
  257  465  912
  258  466  913
  186  491  817
  170  492  818
  171  476  819
  172  477  820
  173  478  821
  174  479  822
  175  480  823
  176  481  824
  177  482  825
  178  483  826
  179  484  827
  180  485  828
  181  486  829
  182  487  830
  183  488  831
  184  489  832
  185  490  816
  203  508  834
  187  509  835
  188  493  836
  189  494  837
  190  495  838
  191  496  839
  192  497  840
  193  498  841
  194  499  842
  195  500  843
  196  501  844
  197  502  845
  198  503  846
  199  504  847
  200  505  848
  201  506  849
  202  507  833
  154  512  866
  155  513  850
  156  514  851
  157  515  852
  158  516  853
  159  517  854
  160  518  855
  161  519  856
  162  520  857
  163  521  858
  164  522  859
  165  523  860
  166  524  861
  167  525  862
  168  526  863
  169  510  864
  153  511  865
  137  529  883
  138  530  867
  139  531  868
  140  532  869
  141  533  870
  142  534  871
  143  535  872
  144  536  873
  145  537  874
  146  538  875
  147  539  876
  148  540  877
  149  541  878
  150  542  879
  151  543  880
  152  527  881
  136  528  882
  908 1775 1712
  909 1776 1713
  910 1777 1714
  911 1778 1715
  912 1779 1716
  913 1780 1700
  914 1781 1701
  915 1782 1702
  916 1783 1703
  917 1784 1704
  901 1768 1705
  902 1769 1706
  903 1770 1707
  904 1771 1708
  905 1772 1709
  906 1773 1710
  907 1774 1711
  891 1792 1729
  892 1793 1730
  893 1794 1731
  894 1795 1732
  895 1796 1733
  896 1797 1717
  897 1798 1718
  898 1799 1719
  899 1800 1720
  900 1801 1721
  884 1785 1722
  885 1786 1723
  886 1787 1724
  887 1788 1725
  888 1789 1726
  889 1790 1727
  890 1791 1728
  945 1812 1739
  946 1813 1740
  947 1814 1741
  948 1815 1742
  949 1816 1743
  950 1817 1744
  951 1818 1745
  935 1802 1746
  936 1803 1747
  937 1804 1748
  938 1805 1749
  939 1806 1750
  940 1807 1734
  941 1808 1735
  942 1809 1736
  943 1810 1737
  944 1811 1738
  928 1829 1756
  929 1830 1757
  930 1831 1758
  931 1832 1759
  932 1833 1760
  933 1834 1761
  934 1835 1762
  918 1819 1763
  919 1820 1764
  920 1821 1765
  921 1822 1766
  922 1823 1767
  923 1824 1751
  924 1825 1752
  925 1826 1753
  926 1827 1754
  927 1828 1755
  873 1842 1669
  874 1843 1670
  875 1844 1671
  876 1845 1672
  877 1846 1673
  878 1847 1674
  879 1848 1675
  880 1849 1676
  881 1850 1677
  882 1851 1678
  883 1852 1679
  867 1836 1680
  868 1837 1681
  869 1838 1682
  870 1839 1666
  871 1840 1667
  872 1841 1668
  856 1859 1686
  857 1860 1687
  858 1861 1688
  859 1862 1689
  860 1863 1690
  861 1864 1691
  862 1865 1692
  863 1866 1693
  864 1867 1694
  865 1868 1695
  866 1869 1696
  850 1853 1697
  851 1854 1698
  852 1855 1699
  853 1856 1683
  854 1857 1684
  855 1858 1685
  827 1881 1663
  828 1882 1664
  829 1883 1665
  830 1884 1649
  831 1885 1650
  832 1886 1651
  816 1870 1652
  817 1871 1653
  818 1872 1654
  819 1873 1655
  820 1874 1656
  821 1875 1657
  822 1876 1658
  823 1877 1659
  824 1878 1660
  825 1879 1661
  826 1880 1662
  844 1898 1646
  845 1899 1647
  846 1900 1648
  847 1901 1632
  848 1902 1633
  849 1903 1634
  833 1887 1635
  834 1888 1636
  835 1889 1637
  836 1890 1638
  837 1891 1639
  838 1892 1640
  839 1893 1641
  840 1894 1642
  841 1895 1643
  842 1896 1644
  843 1897 1645
 1049 1712 1842
 1050 1713 1843
 1051 1714 1844
 1052 1715 1845
 1053 1716 1846
 1037 1700 1847
 1038 1701 1848
 1039 1702 1849
 1040 1703 1850
 1041 1704 1851
 1042 1705 1852
 1043 1706 1836
 1044 1707 1837
 1045 1708 1838
 1046 1709 1839
 1047 1710 1840
 1048 1711 1841
 1032 1729 1859
 1033 1730 1860
 1034 1731 1861
 1035 1732 1862
 1036 1733 1863
 1020 1717 1864
 1021 1718 1865
 1022 1719 1866
 1023 1720 1867
 1024 1721 1868
 1025 1722 1869
 1026 1723 1853
 1027 1724 1854
 1028 1725 1855
 1029 1726 1856
 1030 1727 1857
 1031 1728 1858
 1076 1739 1881
 1077 1740 1882
 1078 1741 1883
 1079 1742 1884
 1080 1743 1885
 1081 1744 1886
 1082 1745 1870
 1083 1746 1871
 1084 1747 1872
 1085 1748 1873
 1086 1749 1874
 1087 1750 1875
 1071 1734 1876
 1072 1735 1877
 1073 1736 1878
 1074 1737 1879
 1075 1738 1880
 1059 1756 1898
 1060 1757 1899
 1061 1758 1900
 1062 1759 1901
 1063 1760 1902
 1064 1761 1903
 1065 1762 1887
 1066 1763 1888
 1067 1764 1889
 1068 1765 1890
 1069 1766 1891
 1070 1767 1892
 1054 1751 1893
 1055 1752 1894
 1056 1753 1895
 1057 1754 1896
 1058 1755 1897
 1006 1669 1812
 1007 1670 1813
 1008 1671 1814
 1009 1672 1815
 1010 1673 1816
 1011 1674 1817
 1012 1675 1818
 1013 1676 1802
 1014 1677 1803
 1015 1678 1804
 1016 1679 1805
 1017 1680 1806
 1018 1681 1807
 1019 1682 1808
 1003 1666 1809
 1004 1667 1810
 1005 1668 1811
  989 1686 1829
  990 1687 1830
  991 1688 1831
  992 1689 1832
  993 1690 1833
  994 1691 1834
  995 1692 1835
  996 1693 1819
  997 1694 1820
  998 1695 1821
  999 1696 1822
 1000 1697 1823
 1001 1698 1824
 1002 1699 1825
  986 1683 1826
  987 1684 1827
  988 1685 1828
  966 1663 1792
  967 1664 1793
  968 1665 1794
  952 1649 1795
  953 1650 1796
  954 1651 1797
  955 1652 1798
  956 1653 1799
  957 1654 1800
  958 1655 1801
  959 1656 1785
  960 1657 1786
  961 1658 1787
  962 1659 1788
  963 1660 1789
  964 1661 1790
  965 1662 1791
  983 1646 1775
  984 1647 1776
  985 1648 1777
  969 1632 1778
  970 1633 1779
  971 1634 1780
  972 1635 1781
  973 1636 1782
  974 1637 1783
  975 1638 1784
  976 1639 1768
  977 1640 1769
  978 1641 1770
  979 1642 1771
  980 1643 1772
  981 1644 1773
  982 1645 1774
 1618 1482  535
 1619 1483  536
 1620 1484  537
 1621 1485  538
 1622 1486  539
 1623 1487  540
 1624 1488  541
 1625 1489  542
 1626 1490  543
 1627 1491  527
 1628 1492  528
 1629 1493  529
 1630 1494  530
 1631 1495  531
 1615 1479  532
 1616 1480  533
 1617 1481  534
 1601 1465  518
 1602 1466  519
 1603 1467  520
 1604 1468  521
 1605 1469  522
 1606 1470  523
 1607 1471  524
 1608 1472  525
 1609 1473  526
 1610 1474  510
 1611 1475  511
 1612 1476  512
 1613 1477  513
 1614 1478  514
 1598 1462  515
 1599 1463  516
 1600 1464  517
 1578 1442  485
 1579 1443  486
 1580 1444  487
 1564 1428  488
 1565 1429  489
 1566 1430  490
 1567 1431  491
 1568 1432  492
 1569 1433  476
 1570 1434  477
 1571 1435  478
 1572 1436  479
 1573 1437  480
 1574 1438  481
 1575 1439  482
 1576 1440  483
 1577 1441  484
 1595 1459  502
 1596 1460  503
 1597 1461  504
 1581 1445  505
 1582 1446  506
 1583 1447  507
 1584 1448  508
 1585 1449  509
 1586 1450  493
 1587 1451  494
 1588 1452  495
 1589 1453  496
 1590 1454  497
 1591 1455  498
 1592 1456  499
 1593 1457  500
 1594 1458  501
 1501 1365  410
 1502 1366  411
 1503 1367  412
 1504 1368  413
 1505 1369  414
 1506 1370  415
 1507 1371  416
 1508 1372  417
 1509 1373  418
 1510 1374  419
 1511 1375  420
 1512 1376  421
 1496 1360  422
 1497 1361  423
 1498 1362  424
 1499 1363  408
 1500 1364  409
 1518 1382  427
 1519 1383  428
 1520 1384  429
 1521 1385  430
 1522 1386  431
 1523 1387  432
 1524 1388  433
 1525 1389  434
 1526 1390  435
 1527 1391  436
 1528 1392  437
 1529 1393  438
 1513 1377  439
 1514 1378  440
 1515 1379  441
 1516 1380  425
 1517 1381  426
 1542 1406  457
 1543 1407  458
 1544 1408  442
 1545 1409  443
 1546 1410  444
 1530 1394  445
 1531 1395  446
 1532 1396  447
 1533 1397  448
 1534 1398  449
 1535 1399  450
 1536 1400  451
 1537 1401  452
 1538 1402  453
 1539 1403  454
 1540 1404  455
 1541 1405  456
 1559 1423  474
 1560 1424  475
 1561 1425  459
 1562 1426  460
 1563 1427  461
 1547 1411  462
 1548 1412  463
 1549 1413  464
 1550 1414  465
 1551 1415  466
 1552 1416  467
 1553 1417  468
 1554 1418  469
 1555 1419  470
 1556 1420  471
 1557 1421  472
 1558 1422  473
 1370 1625  276
 1371 1626  277
 1372 1627  278
 1373 1628  279
 1374 1629  280
 1375 1630  281
 1376 1631  282
 1360 1615  283
 1361 1616  284
 1362 1617  285
 1363 1618  286
 1364 1619  287
 1365 1620  288
 1366 1621  272
 1367 1622  273
 1368 1623  274
 1369 1624  275
 1387 1608  293
 1388 1609  294
 1389 1610  295
 1390 1611  296
 1391 1612  297
 1392 1613  298
 1393 1614  299
 1377 1598  300
 1378 1599  301
 1379 1600  302
 1380 1601  303
 1381 1602  304
 1382 1603  305
 1383 1604  289
 1384 1605  290
 1385 1606  291
 1386 1607  292
 1401 1571  319
 1402 1572  320
 1403 1573  321
 1404 1574  322
 1405 1575  306
 1406 1576  307
 1407 1577  308
 1408 1578  309
 1409 1579  310
 1410 1580  311
 1394 1564  312
 1395 1565  313
 1396 1566  314
 1397 1567  315
 1398 1568  316
 1399 1569  317
 1400 1570  318
 1418 1588  336
 1419 1589  337
 1420 1590  338
 1421 1591  339
 1422 1592  323
 1423 1593  324
 1424 1594  325
 1425 1595  326
 1426 1596  327
 1427 1597  328
 1411 1581  329
 1412 1582  330
 1413 1583  331
 1414 1584  332
 1415 1585  333
 1416 1586  334
 1417 1587  335
 1439 1507  341
 1440 1508  342
 1441 1509  343
 1442 1510  344
 1443 1511  345
 1444 1512  346
 1428 1496  347
 1429 1497  348
 1430 1498  349
 1431 1499  350
 1432 1500  351
 1433 1501  352
 1434 1502  353
 1435 1503  354
 1436 1504  355
 1437 1505  356
 1438 1506  340
 1456 1524  358
 1457 1525  359
 1458 1526  360
 1459 1527  361
 1460 1528  362
 1461 1529  363
 1445 1513  364
 1446 1514  365
 1447 1515  366
 1448 1516  367
 1449 1517  368
 1450 1518  369
 1451 1519  370
 1452 1520  371
 1453 1521  372
 1454 1522  373
 1455 1523  357
 1468 1536  390
 1469 1537  374
 1470 1538  375
 1471 1539  376
 1472 1540  377
 1473 1541  378
 1474 1542  379
 1475 1543  380
 1476 1544  381
 1477 1545  382
 1478 1546  383
 1462 1530  384
 1463 1531  385
 1464 1532  386
 1465 1533  387
 1466 1534  388
 1467 1535  389
 1485 1553  407
 1486 1554  391
 1487 1555  392
 1488 1556  393
 1489 1557  394
 1490 1558  395
 1491 1559  396
 1492 1560  397
 1493 1561  398
 1494 1562  399
 1495 1563  400
 1479 1547  401
 1480 1548  402
 1481 1549  403
 1482 1550  404
 1483 1551  405
 1484 1552  406
  675  230   37
  676  231   38
  677  232   39
  678  233   40
  679  234   41
  663  235   42
  664  236   43
  665  237   44
  666  221   45
  667  222   46
  668  223   47
  669  224   48
  670  225   49
  671  226   50
  672  227   34
  673  228   35
  674  229   36
  658  213   54
  659  214   55
  660  215   56
  661  216   57
  662  217   58
  646  218   59
  647  219   60
  648  220   61
  649  204   62
  650  205   63
  651  206   64
  652  207   65
  653  208   66
  654  209   67
  655  210   51
  656  211   52
  657  212   53
  617  263   31
  618  264   32
  619  265   33
  620  266   17
  621  267   18
  622  268   19
  623  269   20
  624  270   21
  625  271   22
  626  255   23
  627  256   24
  628  257   25
  612  258   26
  613  259   27
  614  260   28
  615  261   29
  616  262   30
  634  246   14
  635  247   15
  636  248   16
  637  249    0
  638  250    1
  639  251    2
  640  252    3
  641  253    4
  642  254    5
  643  238    6
  644  239    7
  645  240    8
  629  241    9
  630  242   10
  631  243   11
  632  244   12
  633  245   13
  547  202  107
  548  203  108
  549  187  109
  550  188  110
  551  189  111
  552  190  112
  553  191  113
  554  192  114
  555  193  115
  556  194  116
  557  195  117
  558  196  118
  559  197  102
  560  198  103
  544  199  104
  545  200  105
  546  201  106
  564  185  124
  565  186  125
  566  170  126
  567  171  127
  568  172  128
  569  173  129
  570  174  130
  571  175  131
  572  176  132
  573  177  133
  574  178  134
  575  179  135
  576  180  119
  577  181  120
  561  182  121
  562  183  122
  563  184  123
  592  138   97
  593  139   98
  594  140   99
  578  141  100
  579  142  101
  580  143   85
  581  144   86
  582  145   87
  583  146   88
  584  147   89
  585  148   90
  586  149   91
  587  150   92
  588  151   93
  589  152   94
  590  136   95
  591  137   96
  609  155   80
  610  156   81
  611  157   82
  595  158   83
  596  159   84
  597  160   68
  598  161   69
  599  162   70
  600  163   71
  601  164   72
  602  165   73
  603  166   74
  604  167   75
  605  168   76
  606  169   77
  607  153   78
  608  154   79
  805   64  180
  806   65  181
  807   66  182
  808   67  183
  809   51  184
  810   52  185
  811   53  186
  812   54  170
  813   55  171
  814   56  172
  815   57  173
  799   58  174
  800   59  175
  801   60  176
  802   61  177
  803   62  178
  804   63  179
  788   47  197
  789   48  198
  790   49  199
  791   50  200
  792   34  201
  793   35  202
  794   36  203
  795   37  187
  796   38  188
  797   39  189
  798   40  190
  782   41  191
  783   42  192
  784   43  193
  785   44  194
  786   45  195
  787   46  196
  759    4  160
  760    5  161
  761    6  162
  762    7  163
  763    8  164
  764    9  165
  748   10  166
  749   11  167
  750   12  168
  751   13  169
  752   14  153
  753   15  154
  754   16  155
  755    0  156
  756    1  157
  757    2  158
  758    3  159
  776   21  143
  777   22  144
  778   23  145
  779   24  146
  780   25  147
  781   26  148
  765   27  149
  766   28  150
  767   29  151
  768   30  152
  769   31  136
  770   32  137
  771   33  138
  772   17  139
  773   18  140
  774   19  141
  775   20  142
  690  135  249
  691  119  250
  692  120  251
  693  121  252
  694  122  253
  695  123  254
  696  124  238
  680  125  239
  681  126  240
  682  127  241
  683  128  242
  684  129  243
  685  130  244
  686  131  245
  687  132  246
  688  133  247
  689  134  248
  707  118  266
  708  102  267
  709  103  268
  710  104  269
  711  105  270
  712  106  271
  713  107  255
  697  108  256
  698  109  257
  699  110  258
  700  111  259
  701  112  260
  702  113  261
  703  114  262
  704  115  263
  705  116  264
  706  117  265
  721   69  227
  722   70  228
  723   71  229
  724   72  230
  725   73  231
  726   74  232
  727   75  233
  728   76  234
  729   77  235
  730   78  236
  714   79  237
  715   80  221
  716   81  222
  717   82  223
  718   83  224
  719   84  225
  720   68  226
  738   86  210
  739   87  211
  740   88  212
  741   89  213
  742   90  214
  743   91  215
  744   92  216
  745   93  217
  746   94  218
  747   95  219
  731   96  220
  732   97  204
  733   98  205
  734   99  206
  735  100  207
  736  101  208
  737   85  209